100000 10 100000
100000 11 99999
100000 12 99998
100000 13 99997
100000 14 99996
100000 15 99995
100000 16 99994
100000 17 99993
100000 18 99992
100000 19 99991
100000 20 50000
100000 21 49999
100000 22 49999
100000 23 49998
100000 24 49998
100000 25 49997
100000 26 49997
100000 27 49996
100000 28 49996
100000 29 33333
100000 30 33333
100000 31 33333
100000 32 33332
100000 33 33332
100000 34 33332
100000 35 33331
100000 36 33331
100000 37 33331
100000 38 25000
100000 39 25000
100000 40 25000
100000 41 24999
100000 42 24999
100000 43 24999
100000 44 24999
100000 45 24998
100000 46 24998
100000 47 24998
100000 48 24998
100000 49 20000
100000 50 20000
100000 51 19999
100000 52 19999
100000 53 19999
100000 54 19999
100000 55 19999
100000 56 16666
100000 57 16666
100000 58 16666
100000 59 16666
100000 60 16666
100000 61 16666
100000 62 16666
100000 63 16666
100000 64 16666
100000 65 14285
100000 66 14285
100000 67 14285
100000 68 14285
100000 69 14285
100000 70 14285
100000 71 14285
100000 72 14285
100000 73 14285
100000 74 14285
100000 75 14285
100000 76 12500
100000 77 12500
100000 78 12500
100000 79 12500
100000 80 12500
100000 81 12499
100000 82 12499
100000 83 12499
100000 84 12499
100000 85 12499
100000 86 12499
100000 87 12499
100000 88 12499
100000 89 11111
100000 90 11111
100000 91 11111
100000 92 17
100000 93 17
100000 94 17
100000 95 17
100000 96 17
100000 97 17
100000 98 17
100000 99 17
100000 100 17
100000 101 17
100000 102 17
100000 103 17
100000 104 17
100000 105 17
100000 106 17
100000 107 17
100000 108 17
100000 109 17
100000 110 17
100000 111 17
100000 112 17
100000 113 17
100000 114 17
100000 115 17
100000 116 17
100000 117 17
100000 118 17
100000 119 17
100000 120 17
100000 121 17
100000 122 17
100000 123 17
100000 124 17
100000 125 17
100000 126 17
100000 127 17
100000 128 17
100000 129 17
100000 130 17
100000 131 17
100000 132 17
100000 133 17
100000 134 17
100000 135 17
100000 136 17
100000 137 17
100000 138 17
100000 139 17
100000 140 17
100000 141 17
100000 142 17
100000 143 17
100000 144 17
100000 145 17
100000 146 17
100000 147 17
100000 148 17
100000 149 17
100000 150 17
100000 151 17
100000 152 17
100000 153 17
100000 154 17
100000 155 17
100000 156 17
100000 157 17
100000 158 17
100000 159 17
100000 160 17
100000 161 17
100000 162 17
100000 163 17
100000 164 17
100000 165 17
100000 166 17
100000 167 17
100000 168 17
100000 169 17
100000 170 17
100000 171 17
100000 172 17
100000 173 17
100000 174 17
100000 175 17
100000 176 17
100000 177 17
100000 178 17
100000 179 17
100000 180 17
100000 181 17
100000 182 17
100000 183 17
100000 184 17
100000 185 17
100000 186 17
100000 187 17
100000 188 17
100000 189 17
100000 190 17
100000 191 17
100000 192 17
100000 193 17
100000 194 17
100000 195 17
100000 196 17
100000 197 17
100000 198 17
100000 199 17
100000 200 17
100000 201 17
100000 202 17
100000 203 17
100000 204 17
100000 205 17
100000 206 17
100000 207 17
100000 208 17
100000 209 17
100000 210 17
100000 211 17
100000 212 17
100000 213 17
100000 214 17
100000 215 17
100000 216 17
100000 217 17
100000 218 17
100000 219 17
100000 220 17
100000 221 17
100000 222 17
100000 223 17
100000 224 17
100000 225 17
100000 226 17
100000 227 17
100000 228 17
100000 229 17
100000 230 17
100000 231 17
100000 232 17
100000 233 17
100000 234 17
100000 235 17
100000 236 17
100000 237 17
100000 238 17
100000 239 17
100000 240 17
100000 241 17
100000 242 17
100000 243 17
100000 244 17
100000 245 17
100000 246 17
100000 247 17
100000 248 17
100000 249 17
100000 250 17
100000 251 17
100000 252 17
100000 253 17
100000 254 17
100000 255 17
100000 256 17
100000 257 17
100000 258 17
100000 259 17
100000 260 17
100000 261 17
100000 262 17
100000 263 17
100000 264 17
100000 265 17
100000 266 17
100000 267 17
100000 268 17
100000 269 17
100000 270 17
100000 271 17
100000 272 17
100000 273 17
100000 274 17
100000 275 17
100000 276 17
100000 277 17
100000 278 17
100000 279 17
100000 280 17
100000 281 17
100000 282 17
100000 283 17
100000 284 17
100000 285 17
100000 286 17
100000 287 17
100000 288 17
100000 289 17
100000 290 17
100000 291 17
100000 292 17
100000 293 17
100000 294 17
100000 295 17
100000 296 17
100000 297 17
100000 298 17
100000 299 17
100000 300 17
100000 301 17
100000 302 17
100000 303 17
100000 304 17
100000 305 17
100000 306 17
100000 307 17
100000 308 17
100000 309 17
100000 310 17
100000 311 17
100000 312 17
100000 313 17
100000 314 17
100000 315 17
100000 316 17
100000 317 17
100000 318 17
100000 319 17
100000 320 17
100000 321 17
100000 322 17
100000 323 17
100000 324 17
100000 325 17
100000 326 17
100000 327 17
100000 328 17
100000 329 17
100000 330 17
100000 331 17
100000 332 17
100000 333 17
100000 334 17
100000 335 17
100000 336 17
100000 337 17
100000 338 17
100000 339 17
100000 340 17
100000 341 17
100000 342 17
100000 343 17
100000 344 17
100000 345 17
100000 346 17
100000 347 17
100000 348 17
100000 349 17
100000 350 17
100000 351 17
100000 352 17
100000 353 17
100000 354 17
100000 355 17
100000 356 17
100000 357 17
100000 358 17
100000 359 17
100000 360 17
100000 361 17
100000 362 17
100000 363 17
100000 364 17
100000 365 17
100000 366 17
100000 367 17
100000 368 17
100000 369 17
100000 370 17
100000 371 17
100000 372 17
100000 373 17
100000 374 17
100000 375 17
100000 376 17
100000 377 17
100000 378 17
100000 379 17
100000 380 17
100000 381 17
100000 382 17
100000 383 17
100000 384 17
100000 385 17
100000 386 17
100000 387 17
100000 388 17
100000 389 17
100000 390 17
100000 391 17
100000 392 17
100000 393 17
100000 394 17
100000 395 17
100000 396 17
100000 397 17
100000 398 17
100000 399 17
100000 400 17
100000 401 17
100000 402 17
100000 403 17
100000 404 17
100000 405 17
100000 406 17
100000 407 17
100000 408 17
100000 409 17
100000 410 17
100000 411 17
100000 412 17
100000 413 17
100000 414 17
100000 415 17
100000 416 17
100000 417 17
100000 418 17
100000 419 17
100000 420 17
100000 421 17
100000 422 17
100000 423 17
100000 424 17
100000 425 17
100000 426 17
100000 427 17
100000 428 17
100000 429 17
100000 430 17
100000 431 17
100000 432 17
100000 433 17
100000 434 17
100000 435 17
100000 436 17
100000 437 17
100000 438 17
100000 439 17
100000 440 17
100000 441 17
100000 442 17
100000 443 17
100000 444 17
100000 445 17
100000 446 17
100000 447 17
100000 448 17
100000 449 17
100000 450 17
100000 451 17
100000 452 17
100000 453 17
100000 454 17
100000 455 17
100000 456 17
100000 457 17
100000 458 17
100000 459 17
100000 460 17
100000 461 17
100000 462 17
100000 463 17
100000 464 17
100000 465 17
100000 466 17
100000 467 17
100000 468 17
100000 469 17
100000 470 17
100000 471 17
100000 472 17
100000 473 17
100000 474 17
100000 475 17
100000 476 17
100000 477 17
100000 478 17
100000 479 17
100000 480 17
100000 481 17
100000 482 17
100000 483 17
100000 484 17
100000 485 17
100000 486 17
100000 487 17
100000 488 17
100000 489 17
100000 490 17
100000 491 17
100000 492 17
100000 493 17
100000 494 17
100000 495 17
100000 496 17
100000 497 17
100000 498 17
100000 499 17
100000 500 17
100000 501 17
100000 502 17
100000 503 17
100000 504 17
100000 505 17
100000 506 17
100000 507 17
100000 508 17
100000 509 17
100000 510 17
100000 511 17
100000 512 17
100000 513 17
100000 514 17
100000 515 17
100000 516 17
100000 517 17
100000 518 17
100000 519 17
100000 520 17
100000 521 17
100000 522 17
100000 523 17
100000 524 17
100000 525 17
100000 526 17
100000 527 17
100000 528 17
100000 529 17
100000 530 17
100000 531 17
100000 532 17
100000 533 17
100000 534 17
100000 535 17
100000 536 17
100000 537 17
100000 538 17
100000 539 17
100000 540 17
100000 541 17
100000 542 17
100000 543 17
100000 544 17
100000 545 17
100000 546 17
100000 547 17
100000 548 17
100000 549 17
100000 550 17
100000 551 17
100000 552 17
100000 553 17
100000 554 17
100000 555 17
100000 556 17
100000 557 17
100000 558 17
100000 559 17
100000 560 17
100000 561 17
100000 562 17
100000 563 17
100000 564 17
100000 565 17
100000 566 17
100000 567 17
100000 568 17
100000 569 17
100000 570 17
100000 571 17
100000 572 17
100000 573 17
100000 574 17
100000 575 17
100000 576 17
100000 577 17
100000 578 17
100000 579 17
100000 580 17
100000 581 17
100000 582 17
100000 583 17
100000 584 17
100000 585 17
100000 586 17
100000 587 17
100000 588 17
100000 589 17
100000 590 17
100000 591 17
100000 592 17
100000 593 17
100000 594 17
100000 595 17
100000 596 17
100000 597 17
100000 598 17
100000 599 17
100000 600 17
100000 601 17
100000 602 17
100000 603 17
100000 604 17
100000 605 17
100000 606 17
100000 607 17
100000 608 17
100000 609 17
100000 610 17
100000 611 17
100000 612 17
100000 613 17
100000 614 17
100000 615 17
100000 616 17
100000 617 17
100000 618 17
100000 619 17
100000 620 17
100000 621 17
100000 622 17
100000 623 17
100000 624 17
100000 625 17
100000 626 17
100000 627 17
100000 628 17
100000 629 17
100000 630 17
100000 631 17
100000 632 17
100000 633 17
100000 634 17
100000 635 17
100000 636 17
100000 637 17
100000 638 17
100000 639 17
100000 640 17
100000 641 17
100000 642 17
100000 643 17
100000 644 17
100000 645 17
100000 646 17
100000 647 17
100000 648 17
100000 649 17
100000 650 17
100000 651 17
100000 652 17
100000 653 17
100000 654 17
100000 655 17
100000 656 17
100000 657 17
100000 658 17
100000 659 17
100000 660 17
100000 661 17
100000 662 17
100000 663 17
100000 664 17
100000 665 17
100000 666 17
100000 667 17
100000 668 17
100000 669 17
100000 670 17
100000 671 17
100000 672 17
100000 673 17
100000 674 17
100000 675 17
100000 676 17
100000 677 17
100000 678 17
100000 679 17
100000 680 17
100000 681 17
100000 682 17
100000 683 17
100000 684 17
100000 685 17
100000 686 17
100000 687 17
100000 688 17
100000 689 17
100000 690 17
100000 691 17
100000 692 17
100000 693 17
100000 694 17
100000 695 17
100000 696 17
100000 697 17
100000 698 17
100000 699 17
100000 700 17
100000 701 17
100000 702 17
100000 703 17
100000 704 17
100000 705 17
100000 706 17
100000 707 17
100000 708 17
100000 709 17
100000 710 17
100000 711 17
100000 712 17
100000 713 17
100000 714 17
100000 715 17
100000 716 17
100000 717 17
100000 718 17
100000 719 17
100000 720 17
100000 721 17
100000 722 17
100000 723 17
100000 724 17
100000 725 17
100000 726 17
100000 727 17
100000 728 17
100000 729 17
100000 730 17
100000 731 17
100000 732 17
100000 733 17
100000 734 17
100000 735 17
100000 736 17
100000 737 17
100000 738 17
100000 739 17
100000 740 17
100000 741 17
100000 742 17
100000 743 17
100000 744 17
100000 745 17
100000 746 17
100000 747 17
100000 748 17
100000 749 17
100000 750 17
100000 751 17
100000 752 17
100000 753 17
100000 754 17
100000 755 17
100000 756 17
100000 757 17
100000 758 17
100000 759 17
100000 760 17
100000 761 17
100000 762 17
100000 763 17
100000 764 17
100000 765 17
100000 766 17
100000 767 17
100000 768 17
100000 769 17
100000 770 17
100000 771 17
100000 772 17
100000 773 17
100000 774 17
100000 775 17
100000 776 17
100000 777 17
100000 778 17
100000 779 17
100000 780 17
100000 781 17
100000 782 17
100000 783 17
100000 784 17
100000 785 17
100000 786 17
100000 787 17
100000 788 17
100000 789 17
100000 790 17
100000 791 17
100000 792 17
100000 793 17
100000 794 17
100000 795 17
100000 796 17
100000 797 17
100000 798 17
100000 799 17
100000 800 17
100000 801 17
100000 802 17
100000 803 17
100000 804 17
100000 805 17
100000 806 17
100000 807 17
100000 808 17
100000 809 17
100000 810 17
100000 811 17
100000 812 17
100000 813 17
100000 814 17
100000 815 17
100000 816 17
100000 817 17
100000 818 17
100000 819 17
100000 820 17
100000 821 17
100000 822 17
100000 823 17
100000 824 17
100000 825 17
100000 826 17
100000 827 17
100000 828 17
100000 829 17
100000 830 17
100000 831 17
100000 832 17
100000 833 17
100000 834 17
100000 835 17
100000 836 17
100000 837 17
100000 838 17
100000 839 17
100000 840 17
100000 841 17
100000 842 17
100000 843 17
100000 844 17
100000 845 17
100000 846 17
100000 847 17
100000 848 17
100000 849 17
100000 850 17
100000 851 17
100000 852 17
100000 853 17
100000 854 17
100000 855 17
100000 856 17
100000 857 17
100000 858 17
100000 859 17
100000 860 17
100000 861 17
100000 862 17
100000 863 17
100000 864 17
100000 865 17
100000 866 17
100000 867 17
100000 868 17
100000 869 17
100000 870 17
100000 871 17
100000 872 17
100000 873 17
100000 874 17
100000 875 17
100000 876 17
100000 877 17
100000 878 17
100000 879 17
100000 880 17
100000 881 17
100000 882 17
100000 883 17
100000 884 17
100000 885 17
100000 886 17
100000 887 17
100000 888 17
100000 889 17
100000 890 17
100000 891 17
100000 892 17
100000 893 17
100000 894 17
100000 895 17
100000 896 17
100000 897 17
100000 898 17
100000 899 17
100000 900 17
100000 901 17
100000 902 17
100000 903 17
100000 904 17
100000 905 17
100000 906 17
100000 907 17
100000 908 17
100000 909 17
100000 910 17
100000 911 17
100000 912 17
100000 913 17
100000 914 17
100000 915 17
100000 916 17
100000 917 17
100000 918 17
100000 919 17
100000 920 17
100000 921 17
100000 922 17
100000 923 17
100000 924 17
100000 925 17
100000 926 17
100000 927 17
100000 928 17
100000 929 17
100000 930 17
100000 931 17
100000 932 17
100000 933 17
100000 934 17
100000 935 17
100000 936 17
100000 937 17
100000 938 17
100000 939 17
100000 940 17
100000 941 17
100000 942 17
100000 943 17
100000 944 17
100000 945 17
100000 946 17
100000 947 17
100000 948 17
100000 949 17
100000 950 17
100000 951 17
100000 952 17
100000 953 17
100000 954 17
100000 955 17
100000 956 17
100000 957 17
100000 958 17
100000 959 17
100000 960 17
100000 961 17
100000 962 17
100000 963 17
100000 964 17
100000 965 17
100000 966 17
100000 967 17
100000 968 17
100000 969 17
100000 970 17
100000 971 17
100000 972 17
100000 973 17
100000 974 17
100000 975 17
100000 976 17
100000 977 17
100000 978 17
100000 979 17
100000 980 17
100000 981 17
100000 982 17
100000 983 17
100000 984 17
100000 985 17
100000 986 17
100000 987 17
100000 988 17
100000 989 17
100000 990 17
100000 991 17
100000 992 17
100000 993 17
100000 994 17
100000 995 17
100000 996 17
100000 997 17
100000 998 17
100000 999 17
100000 1000 17
100001 10 100001
100001 11 100000
100001 12 99999
100001 13 99998
100001 14 99997
100001 15 99996
100001 16 99995
100001 17 99994
100001 18 99993
100001 19 99992
100001 20 50000
100001 21 50000
100001 22 49999
100001 23 49999
100001 24 49998
100001 25 49998
100001 26 49997
100001 27 49997
100001 28 49996
100001 29 49996
100001 30 33333
100001 31 33333
100001 32 33333
100001 33 33332
100001 34 33332
100001 35 33332
100001 36 33331
100001 37 33331
100001 38 33331
100001 39 25000
100001 40 25000
100001 41 25000
100001 42 24999
100001 43 24999
100001 44 24999
100001 45 24999
100001 46 24998
100001 47 24998
100001 48 24998
100001 49 24998
100001 50 20000
100001 51 20000
100001 52 19999
100001 53 19999
100001 54 19999
100001 55 19999
100001 56 19999
100001 57 16666
100001 58 16666
100001 59 16666
100001 60 16666
100001 61 16666
100001 62 16666
100001 63 16666
100001 64 16666
100001 65 16666
100001 66 14285
100001 67 14285
100001 68 14285
100001 69 14285
100001 70 14285
100001 71 14285
100001 72 14285
100001 73 14285
100001 74 14285
100001 75 14285
100001 76 14285
100001 77 12500
100001 78 12500
100001 79 12500
100001 80 12500
100001 81 12500
100001 82 12499
100001 83 12499
100001 84 12499
100001 85 12499
100001 86 12499
100001 87 12499
100001 88 12499
100001 89 12499
100001 90 11111
100001 91 11111
100001 92 11111
100001 93 17
100001 94 17
100001 95 17
100001 96 17
100001 97 17
100001 98 17
100001 99 17
100001 100 17
100001 101 17
100001 102 17
100001 103 17
100001 104 17
100001 105 17
100001 106 17
100001 107 17
100001 108 17
100001 109 17
100001 110 17
100001 111 17
100001 112 17
100001 113 17
100001 114 17
100001 115 17
100001 116 17
100001 117 17
100001 118 17
100001 119 17
100001 120 17
100001 121 17
100001 122 17
100001 123 17
100001 124 17
100001 125 17
100001 126 17
100001 127 17
100001 128 17
100001 129 17
100001 130 17
100001 131 17
100001 132 17
100001 133 17
100001 134 17
100001 135 17
100001 136 17
100001 137 17
100001 138 17
100001 139 17
100001 140 17
100001 141 17
100001 142 17
100001 143 17
100001 144 17
100001 145 17
100001 146 17
100001 147 17
100001 148 17
100001 149 17
100001 150 17
100001 151 17
100001 152 17
100001 153 17
100001 154 17
100001 155 17
100001 156 17
100001 157 17
100001 158 17
100001 159 17
100001 160 17
100001 161 17
100001 162 17
100001 163 17
100001 164 17
100001 165 17
100001 166 17
100001 167 17
100001 168 17
100001 169 17
100001 170 17
100001 171 17
100001 172 17
100001 173 17
100001 174 17
100001 175 17
100001 176 17
100001 177 17
100001 178 17
100001 179 17
100001 180 17
100001 181 17
100001 182 17
100001 183 17
100001 184 17
100001 185 17
100001 186 17
100001 187 17
100001 188 17
100001 189 17
100001 190 17
100001 191 17
100001 192 17
100001 193 17
100001 194 17
100001 195 17
100001 196 17
100001 197 17
100001 198 17
100001 199 17
100001 200 17
100001 201 17
100001 202 17
100001 203 17
100001 204 17
100001 205 17
100001 206 17
100001 207 17
100001 208 17
100001 209 17
100001 210 17
100001 211 17
100001 212 17
100001 213 17
100001 214 17
100001 215 17
100001 216 17
100001 217 17
100001 218 17
100001 219 17
100001 220 17
100001 221 17
100001 222 17
100001 223 17
100001 224 17
100001 225 17
100001 226 17
100001 227 17
100001 228 17
100001 229 17
100001 230 17
100001 231 17
100001 232 17
100001 233 17
100001 234 17
100001 235 17
100001 236 17
100001 237 17
100001 238 17
100001 239 17
100001 240 17
100001 241 17
100001 242 17
100001 243 17
100001 244 17
100001 245 17
100001 246 17
100001 247 17
100001 248 17
100001 249 17
100001 250 17
100001 251 17
100001 252 17
100001 253 17
100001 254 17
100001 255 17
100001 256 17
100001 257 17
100001 258 17
100001 259 17
100001 260 17
100001 261 17
100001 262 17
100001 263 17
100001 264 17
100001 265 17
100001 266 17
100001 267 17
100001 268 17
100001 269 17
100001 270 17
100001 271 17
100001 272 17
100001 273 17
100001 274 17
100001 275 17
100001 276 17
100001 277 17
100001 278 17
100001 279 17
100001 280 17
100001 281 17
100001 282 17
100001 283 17
100001 284 17
100001 285 17
100001 286 17
100001 287 17
100001 288 17
100001 289 17
100001 290 17
100001 291 17
100001 292 17
100001 293 17
100001 294 17
100001 295 17
100001 296 17
100001 297 17
100001 298 17
100001 299 17
100001 300 17
100001 301 17
100001 302 17
100001 303 17
100001 304 17
100001 305 17
100001 306 17
100001 307 17
100001 308 17
100001 309 17
100001 310 17
100001 311 17
100001 312 17
100001 313 17
100001 314 17
100001 315 17
100001 316 17
100001 317 17
100001 318 17
100001 319 17
100001 320 17
100001 321 17
100001 322 17
100001 323 17
100001 324 17
100001 325 17
100001 326 17
100001 327 17
100001 328 17
100001 329 17
100001 330 17
100001 331 17
100001 332 17
100001 333 17
100001 334 17
100001 335 17
100001 336 17
100001 337 17
100001 338 17
100001 339 17
100001 340 17
100001 341 17
100001 342 17
100001 343 17
100001 344 17
100001 345 17
100001 346 17
100001 347 17
100001 348 17
100001 349 17
100001 350 17
100001 351 17
100001 352 17
100001 353 17
100001 354 17
100001 355 17
100001 356 17
100001 357 17
100001 358 17
100001 359 17
100001 360 17
100001 361 17
100001 362 17
100001 363 17
100001 364 17
100001 365 17
100001 366 17
100001 367 17
100001 368 17
100001 369 17
100001 370 17
100001 371 17
100001 372 17
100001 373 17
100001 374 17
100001 375 17
100001 376 17
100001 377 17
100001 378 17
100001 379 17
100001 380 17
100001 381 17
100001 382 17
100001 383 17
100001 384 17
100001 385 17
100001 386 17
100001 387 17
100001 388 17
100001 389 17
100001 390 17
100001 391 17
100001 392 17
100001 393 17
100001 394 17
100001 395 17
100001 396 17
100001 397 17
100001 398 17
100001 399 17
100001 400 17
100001 401 17
100001 402 17
100001 403 17
100001 404 17
100001 405 17
100001 406 17
100001 407 17
100001 408 17
100001 409 17
100001 410 17
100001 411 17
100001 412 17
100001 413 17
100001 414 17
100001 415 17
100001 416 17
100001 417 17
100001 418 17
100001 419 17
100001 420 17
100001 421 17
100001 422 17
100001 423 17
100001 424 17
100001 425 17
100001 426 17
100001 427 17
100001 428 17
100001 429 17
100001 430 17
100001 431 17
100001 432 17
100001 433 17
100001 434 17
100001 435 17
100001 436 17
100001 437 17
100001 438 17
100001 439 17
100001 440 17
100001 441 17
100001 442 17
100001 443 17
100001 444 17
100001 445 17
100001 446 17
100001 447 17
100001 448 17
100001 449 17
100001 450 17
100001 451 17
100001 452 17
100001 453 17
100001 454 17
100001 455 17
100001 456 17
100001 457 17
100001 458 17
100001 459 17
100001 460 17
100001 461 17
100001 462 17
100001 463 17
100001 464 17
100001 465 17
100001 466 17
100001 467 17
100001 468 17
100001 469 17
100001 470 17
100001 471 17
100001 472 17
100001 473 17
100001 474 17
100001 475 17
100001 476 17
100001 477 17
100001 478 17
100001 479 17
100001 480 17
100001 481 17
100001 482 17
100001 483 17
100001 484 17
100001 485 17
100001 486 17
100001 487 17
100001 488 17
100001 489 17
100001 490 17
100001 491 17
100001 492 17
100001 493 17
100001 494 17
100001 495 17
100001 496 17
100001 497 17
100001 498 17
100001 499 17
100001 500 17
100001 501 17
100001 502 17
100001 503 17
100001 504 17
100001 505 17
100001 506 17
100001 507 17
100001 508 17
100001 509 17
100001 510 17
100001 511 17
100001 512 17
100001 513 17
100001 514 17
100001 515 17
100001 516 17
100001 517 17
100001 518 17
100001 519 17
100001 520 17
100001 521 17
100001 522 17
100001 523 17
100001 524 17
100001 525 17
100001 526 17
100001 527 17
100001 528 17
100001 529 17
100001 530 17
100001 531 17
100001 532 17
100001 533 17
100001 534 17
100001 535 17
100001 536 17
100001 537 17
100001 538 17
100001 539 17
100001 540 17
100001 541 17
100001 542 17
100001 543 17
100001 544 17
100001 545 17
100001 546 17
100001 547 17
100001 548 17
100001 549 17
100001 550 17
100001 551 17
100001 552 17
100001 553 17
100001 554 17
100001 555 17
100001 556 17
100001 557 17
100001 558 17
100001 559 17
100001 560 17
100001 561 17
100001 562 17
100001 563 17
100001 564 17
100001 565 17
100001 566 17
100001 567 17
100001 568 17
100001 569 17
100001 570 17
100001 571 17
100001 572 17
100001 573 17
100001 574 17
100001 575 17
100001 576 17
100001 577 17
100001 578 17
100001 579 17
100001 580 17
100001 581 17
100001 582 17
100001 583 17
100001 584 17
100001 585 17
100001 586 17
100001 587 17
100001 588 17
100001 589 17
100001 590 17
100001 591 17
100001 592 17
100001 593 17
100001 594 17
100001 595 17
100001 596 17
100001 597 17
100001 598 17
100001 599 17
100001 600 17
100001 601 17
100001 602 17
100001 603 17
100001 604 17
100001 605 17
100001 606 17
100001 607 17
100001 608 17
100001 609 17
100001 610 17
100001 611 17
100001 612 17
100001 613 17
100001 614 17
100001 615 17
100001 616 17
100001 617 17
100001 618 17
100001 619 17
100001 620 17
100001 621 17
100001 622 17
100001 623 17
100001 624 17
100001 625 17
100001 626 17
100001 627 17
100001 628 17
100001 629 17
100001 630 17
100001 631 17
100001 632 17
100001 633 17
100001 634 17
100001 635 17
100001 636 17
100001 637 17
100001 638 17
100001 639 17
100001 640 17
100001 641 17
100001 642 17
100001 643 17
100001 644 17
100001 645 17
100001 646 17
100001 647 17
100001 648 17
100001 649 17
100001 650 17
100001 651 17
100001 652 17
100001 653 17
100001 654 17
100001 655 17
100001 656 17
100001 657 17
100001 658 17
100001 659 17
100001 660 17
100001 661 17
100001 662 17
100001 663 17
100001 664 17
100001 665 17
100001 666 17
100001 667 17
100001 668 17
100001 669 17
100001 670 17
100001 671 17
100001 672 17
100001 673 17
100001 674 17
100001 675 17
100001 676 17
100001 677 17
100001 678 17
100001 679 17
100001 680 17
100001 681 17
100001 682 17
100001 683 17
100001 684 17
100001 685 17
100001 686 17
100001 687 17
100001 688 17
100001 689 17
100001 690 17
100001 691 17
100001 692 17
100001 693 17
100001 694 17
100001 695 17
100001 696 17
100001 697 17
100001 698 17
100001 699 17
100001 700 17
100001 701 17
100001 702 17
100001 703 17
100001 704 17
100001 705 17
100001 706 17
100001 707 17
100001 708 17
100001 709 17
100001 710 17
100001 711 17
100001 712 17
100001 713 17
100001 714 17
100001 715 17
100001 716 17
100001 717 17
100001 718 17
100001 719 17
100001 720 17
100001 721 17
100001 722 17
100001 723 17
100001 724 17
100001 725 17
100001 726 17
100001 727 17
100001 728 17
100001 729 17
100001 730 17
100001 731 17
100001 732 17
100001 733 17
100001 734 17
100001 735 17
100001 736 17
100001 737 17
100001 738 17
100001 739 17
100001 740 17
100001 741 17
100001 742 17
100001 743 17
100001 744 17
100001 745 17
100001 746 17
100001 747 17
100001 748 17
100001 749 17
100001 750 17
100001 751 17
100001 752 17
100001 753 17
100001 754 17
100001 755 17
100001 756 17
100001 757 17
100001 758 17
100001 759 17
100001 760 17
100001 761 17
100001 762 17
100001 763 17
100001 764 17
100001 765 17
100001 766 17
100001 767 17
100001 768 17
100001 769 17
100001 770 17
100001 771 17
100001 772 17
100001 773 17
100001 774 17
100001 775 17
100001 776 17
100001 777 17
100001 778 17
100001 779 17
100001 780 17
100001 781 17
100001 782 17
100001 783 17
100001 784 17
100001 785 17
100001 786 17
100001 787 17
100001 788 17
100001 789 17
100001 790 17
100001 791 17
100001 792 17
100001 793 17
100001 794 17
100001 795 17
100001 796 17
100001 797 17
100001 798 17
100001 799 17
100001 800 17
100001 801 17
100001 802 17
100001 803 17
100001 804 17
100001 805 17
100001 806 17
100001 807 17
100001 808 17
100001 809 17
100001 810 17
100001 811 17
100001 812 17
100001 813 17
100001 814 17
100001 815 17
100001 816 17
100001 817 17
100001 818 17
100001 819 17
100001 820 17
100001 821 17
100001 822 17
100001 823 17
100001 824 17
100001 825 17
100001 826 17
100001 827 17
100001 828 17
100001 829 17
100001 830 17
100001 831 17
100001 832 17
100001 833 17
100001 834 17
100001 835 17
100001 836 17
100001 837 17
100001 838 17
100001 839 17
100001 840 17
100001 841 17
100001 842 17
100001 843 17
100001 844 17
100001 845 17
100001 846 17
100001 847 17
100001 848 17
100001 849 17
100001 850 17
100001 851 17
100001 852 17
100001 853 17
100001 854 17
100001 855 17
100001 856 17
100001 857 17
100001 858 17
100001 859 17
100001 860 17
100001 861 17
100001 862 17
100001 863 17
100001 864 17
100001 865 17
100001 866 17
100001 867 17
100001 868 17
100001 869 17
100001 870 17
100001 871 17
100001 872 17
100001 873 17
100001 874 17
100001 875 17
100001 876 17
100001 877 17
100001 878 17
100001 879 17
100001 880 17
100001 881 17
100001 882 17
100001 883 17
100001 884 17
100001 885 17
100001 886 17
100001 887 17
100001 888 17
100001 889 17
100001 890 17
100001 891 17
100001 892 17
100001 893 17
100001 894 17
100001 895 17
100001 896 17
100001 897 17
100001 898 17
100001 899 17
100001 900 17
100001 901 17
100001 902 17
100001 903 17
100001 904 17
100001 905 17
100001 906 17
100001 907 17
100001 908 17
100001 909 17
100001 910 17
100001 911 17
100001 912 17
100001 913 17
100001 914 17
100001 915 17
100001 916 17
100001 917 17
100001 918 17
100001 919 17
100001 920 17
100001 921 17
100001 922 17
100001 923 17
100001 924 17
100001 925 17
100001 926 17
100001 927 17
100001 928 17
100001 929 17
100001 930 17
100001 931 17
100001 932 17
100001 933 17
100001 934 17
100001 935 17
100001 936 17
100001 937 17
100001 938 17
100001 939 17
100001 940 17
100001 941 17
100001 942 17
100001 943 17
100001 944 17
100001 945 17
100001 946 17
100001 947 17
100001 948 17
100001 949 17
100001 950 17
100001 951 17
100001 952 17
100001 953 17
100001 954 17
100001 955 17
100001 956 17
100001 957 17
100001 958 17
100001 959 17
100001 960 17
100001 961 17
100001 962 17
100001 963 17
100001 964 17
100001 965 17
100001 966 17
100001 967 17
100001 968 17
100001 969 17
100001 970 17
100001 971 17
100001 972 17
100001 973 17
100001 974 17
100001 975 17
100001 976 17
100001 977 17
100001 978 17
100001 979 17
100001 980 17
100001 981 17
100001 982 17
100001 983 17
100001 984 17
100001 985 17
100001 986 17
100001 987 17
100001 988 17
100001 989 17
100001 990 17
100001 991 17
100001 992 17
100001 993 17
100001 994 17
100001 995 17
100001 996 17
100001 997 17
100001 998 17
100001 999 17
100001 1000 17
100002 10 100002
100002 11 100001
100002 12 100000
100002 13 99999
100002 14 99998
100002 15 99997
100002 16 99996
100002 17 99995
100002 18 99994
100002 19 99993
100002 20 50001
100002 21 50000
100002 22 50000
100002 23 49999
100002 24 49999
100002 25 49998
100002 26 49998
100002 27 49997
100002 28 49997
100002 29 33334
100002 30 33334
100002 31 33333
100002 32 33333
100002 33 33333
100002 34 33332
100002 35 33332
100002 36 33332
100002 37 33331
100002 38 33331
100002 39 33331
100002 40 25000
100002 41 25000
100002 42 25000
100002 43 24999
100002 44 24999
100002 45 24999
100002 46 24999
100002 47 20000
100002 48 20000
100002 49 20000
100002 50 20000
100002 51 20000
100002 52 20000
100002 53 19999
100002 54 19999
100002 55 19999
100002 56 19999
100002 57 19999
100002 58 16667
100002 59 16667
100002 60 16667
100002 61 16666
100002 62 16666
100002 63 16666
100002 64 16666
100002 65 16666
100002 66 16666
100002 67 14286
100002 68 14286
100002 69 14286
100002 70 14286
100002 71 14285
100002 72 14285
100002 73 14285
100002 74 14285
100002 75 14285
100002 76 14285
100002 77 14285
100002 78 12500
100002 79 12500
100002 80 12500
100002 81 12500
100002 82 12500
100002 83 11111
100002 84 11111
100002 85 11111
100002 86 11111
100002 87 11111
100002 88 11111
100002 89 11111
100002 90 11111
100002 91 11111
100002 92 11111
100002 93 11111
100002 94 17
100002 95 17
100002 96 17
100002 97 17
100002 98 17
100002 99 17
100002 100 17
100002 101 17
100002 102 17
100002 103 17
100002 104 17
100002 105 17
100002 106 17
100002 107 17
100002 108 17
100002 109 17
100002 110 17
100002 111 17
100002 112 17
100002 113 17
100002 114 17
100002 115 17
100002 116 17
100002 117 17
100002 118 17
100002 119 17
100002 120 17
100002 121 17
100002 122 17
100002 123 17
100002 124 17
100002 125 17
100002 126 17
100002 127 17
100002 128 17
100002 129 17
100002 130 17
100002 131 17
100002 132 17
100002 133 17
100002 134 17
100002 135 17
100002 136 17
100002 137 17
100002 138 17
100002 139 17
100002 140 17
100002 141 17
100002 142 17
100002 143 17
100002 144 17
100002 145 17
100002 146 17
100002 147 17
100002 148 17
100002 149 17
100002 150 17
100002 151 17
100002 152 17
100002 153 17
100002 154 17
100002 155 17
100002 156 17
100002 157 17
100002 158 17
100002 159 17
100002 160 17
100002 161 17
100002 162 17
100002 163 17
100002 164 17
100002 165 17
100002 166 17
100002 167 17
100002 168 17
100002 169 17
100002 170 17
100002 171 17
100002 172 17
100002 173 17
100002 174 17
100002 175 17
100002 176 17
100002 177 17
100002 178 17
100002 179 17
100002 180 17
100002 181 17
100002 182 17
100002 183 17
100002 184 17
100002 185 17
100002 186 17
100002 187 17
100002 188 17
100002 189 17
100002 190 17
100002 191 17
100002 192 17
100002 193 17
100002 194 17
100002 195 17
100002 196 17
100002 197 17
100002 198 17
100002 199 17
100002 200 17
100002 201 17
100002 202 17
100002 203 17
100002 204 17
100002 205 17
100002 206 17
100002 207 17
100002 208 17
100002 209 17
100002 210 17
100002 211 17
100002 212 17
100002 213 17
100002 214 17
100002 215 17
100002 216 17
100002 217 17
100002 218 17
100002 219 17
100002 220 17
100002 221 17
100002 222 17
100002 223 17
100002 224 17
100002 225 17
100002 226 17
100002 227 17
100002 228 17
100002 229 17
100002 230 17
100002 231 17
100002 232 17
100002 233 17
100002 234 17
100002 235 17
100002 236 17
100002 237 17
100002 238 17
100002 239 17
100002 240 17
100002 241 17
100002 242 17
100002 243 17
100002 244 17
100002 245 17
100002 246 17
100002 247 17
100002 248 17
100002 249 17
100002 250 17
100002 251 17
100002 252 17
100002 253 17
100002 254 17
100002 255 17
100002 256 17
100002 257 17
100002 258 17
100002 259 17
100002 260 17
100002 261 17
100002 262 17
100002 263 17
100002 264 17
100002 265 17
100002 266 17
100002 267 17
100002 268 17
100002 269 17
100002 270 17
100002 271 17
100002 272 17
100002 273 17
100002 274 17
100002 275 17
100002 276 17
100002 277 17
100002 278 17
100002 279 17
100002 280 17
100002 281 17
100002 282 17
100002 283 17
100002 284 17
100002 285 17
100002 286 17
100002 287 17
100002 288 17
100002 289 17
100002 290 17
100002 291 17
100002 292 17
100002 293 17
100002 294 17
100002 295 17
100002 296 17
100002 297 17
100002 298 17
100002 299 17
100002 300 17
100002 301 17
100002 302 17
100002 303 17
100002 304 17
100002 305 17
100002 306 17
100002 307 17
100002 308 17
100002 309 17
100002 310 17
100002 311 17
100002 312 17
100002 313 17
100002 314 17
100002 315 17
100002 316 17
100002 317 17
100002 318 17
100002 319 17
100002 320 17
100002 321 17
100002 322 17
100002 323 17
100002 324 17
100002 325 17
100002 326 17
100002 327 17
100002 328 17
100002 329 17
100002 330 17
100002 331 17
100002 332 17
100002 333 17
100002 334 17
100002 335 17
100002 336 17
100002 337 17
100002 338 17
100002 339 17
100002 340 17
100002 341 17
100002 342 17
100002 343 17
100002 344 17
100002 345 17
100002 346 17
100002 347 17
100002 348 17
100002 349 17
100002 350 17
100002 351 17
100002 352 17
100002 353 17
100002 354 17
100002 355 17
100002 356 17
100002 357 17
100002 358 17
100002 359 17
100002 360 17
100002 361 17
100002 362 17
100002 363 17
100002 364 17
100002 365 17
100002 366 17
100002 367 17
100002 368 17
100002 369 17
100002 370 17
100002 371 17
100002 372 17
100002 373 17
100002 374 17
100002 375 17
100002 376 17
100002 377 17
100002 378 17
100002 379 17
100002 380 17
100002 381 17
100002 382 17
100002 383 17
100002 384 17
100002 385 17
100002 386 17
100002 387 17
100002 388 17
100002 389 17
100002 390 17
100002 391 17
100002 392 17
100002 393 17
100002 394 17
100002 395 17
100002 396 17
100002 397 17
100002 398 17
100002 399 17
100002 400 17
100002 401 17
100002 402 17
100002 403 17
100002 404 17
100002 405 17
100002 406 17
100002 407 17
100002 408 17
100002 409 17
100002 410 17
100002 411 17
100002 412 17
100002 413 17
100002 414 17
100002 415 17
100002 416 17
100002 417 17
100002 418 17
100002 419 17
100002 420 17
100002 421 17
100002 422 17
100002 423 17
100002 424 17
100002 425 17
100002 426 17
100002 427 17
100002 428 17
100002 429 17
100002 430 17
100002 431 17
100002 432 17
100002 433 17
100002 434 17
100002 435 17
100002 436 17
100002 437 17
100002 438 17
100002 439 17
100002 440 17
100002 441 17
100002 442 17
100002 443 17
100002 444 17
100002 445 17
100002 446 17
100002 447 17
100002 448 17
100002 449 17
100002 450 17
100002 451 17
100002 452 17
100002 453 17
100002 454 17
100002 455 17
100002 456 17
100002 457 17
100002 458 17
100002 459 17
100002 460 17
100002 461 17
100002 462 17
100002 463 17
100002 464 17
100002 465 17
100002 466 17
100002 467 17
100002 468 17
100002 469 17
100002 470 17
100002 471 17
100002 472 17
100002 473 17
100002 474 17
100002 475 17
100002 476 17
100002 477 17
100002 478 17
100002 479 17
100002 480 17
100002 481 17
100002 482 17
100002 483 17
100002 484 17
100002 485 17
100002 486 17
100002 487 17
100002 488 17
100002 489 17
100002 490 17
100002 491 17
100002 492 17
100002 493 17
100002 494 17
100002 495 17
100002 496 17
100002 497 17
100002 498 17
100002 499 17
100002 500 17
100002 501 17
100002 502 17
100002 503 17
100002 504 17
100002 505 17
100002 506 17
100002 507 17
100002 508 17
100002 509 17
100002 510 17
100002 511 17
100002 512 17
100002 513 17
100002 514 17
100002 515 17
100002 516 17
100002 517 17
100002 518 17
100002 519 17
100002 520 17
100002 521 17
100002 522 17
100002 523 17
100002 524 17
100002 525 17
100002 526 17
100002 527 17
100002 528 17
100002 529 17
100002 530 17
100002 531 17
100002 532 17
100002 533 17
100002 534 17
100002 535 17
100002 536 17
100002 537 17
100002 538 17
100002 539 17
100002 540 17
100002 541 17
100002 542 17
100002 543 17
100002 544 17
100002 545 17
100002 546 17
100002 547 17
100002 548 17
100002 549 17
100002 550 17
100002 551 17
100002 552 17
100002 553 17
100002 554 17
100002 555 17
100002 556 17
100002 557 17
100002 558 17
100002 559 17
100002 560 17
100002 561 17
100002 562 17
100002 563 17
100002 564 17
100002 565 17
100002 566 17
100002 567 17
100002 568 17
100002 569 17
100002 570 17
100002 571 17
100002 572 17
100002 573 17
100002 574 17
100002 575 17
100002 576 17
100002 577 17
100002 578 17
100002 579 17
100002 580 17
100002 581 17
100002 582 17
100002 583 17
100002 584 17
100002 585 17
100002 586 17
100002 587 17
100002 588 17
100002 589 17
100002 590 17
100002 591 17
100002 592 17
100002 593 17
100002 594 17
100002 595 17
100002 596 17
100002 597 17
100002 598 17
100002 599 17
100002 600 17
100002 601 17
100002 602 17
100002 603 17
100002 604 17
100002 605 17
100002 606 17
100002 607 17
100002 608 17
100002 609 17
100002 610 17
100002 611 17
100002 612 17
100002 613 17
100002 614 17
100002 615 17
100002 616 17
100002 617 17
100002 618 17
100002 619 17
100002 620 17
100002 621 17
100002 622 17
100002 623 17
100002 624 17
100002 625 17
100002 626 17
100002 627 17
100002 628 17
100002 629 17
100002 630 17
100002 631 17
100002 632 17
100002 633 17
100002 634 17
100002 635 17
100002 636 17
100002 637 17
100002 638 17
100002 639 17
100002 640 17
100002 641 17
100002 642 17
100002 643 17
100002 644 17
100002 645 17
100002 646 17
100002 647 17
100002 648 17
100002 649 17
100002 650 17
100002 651 17
100002 652 17
100002 653 17
100002 654 17
100002 655 17
100002 656 17
100002 657 17
100002 658 17
100002 659 17
100002 660 17
100002 661 17
100002 662 17
100002 663 17
100002 664 17
100002 665 17
100002 666 17
100002 667 17
100002 668 17
100002 669 17
100002 670 17
100002 671 17
100002 672 17
100002 673 17
100002 674 17
100002 675 17
100002 676 17
100002 677 17
100002 678 17
100002 679 17
100002 680 17
100002 681 17
100002 682 17
100002 683 17
100002 684 17
100002 685 17
100002 686 17
100002 687 17
100002 688 17
100002 689 17
100002 690 17
100002 691 17
100002 692 17
100002 693 17
100002 694 17
100002 695 17
100002 696 17
100002 697 17
100002 698 17
100002 699 17
100002 700 17
100002 701 17
100002 702 17
100002 703 17
100002 704 17
100002 705 17
100002 706 17
100002 707 17
100002 708 17
100002 709 17
100002 710 17
100002 711 17
100002 712 17
100002 713 17
100002 714 17
100002 715 17
100002 716 17
100002 717 17
100002 718 17
100002 719 17
100002 720 17
100002 721 17
100002 722 17
100002 723 17
100002 724 17
100002 725 17
100002 726 17
100002 727 17
100002 728 17
100002 729 17
100002 730 17
100002 731 17
100002 732 17
100002 733 17
100002 734 17
100002 735 17
100002 736 17
100002 737 17
100002 738 17
100002 739 17
100002 740 17
100002 741 17
100002 742 17
100002 743 17
100002 744 17
100002 745 17
100002 746 17
100002 747 17
100002 748 17
100002 749 17
100002 750 17
100002 751 17
100002 752 17
100002 753 17
100002 754 17
100002 755 17
100002 756 17
100002 757 17
100002 758 17
100002 759 17
100002 760 17
100002 761 17
100002 762 17
100002 763 17
100002 764 17
100002 765 17
100002 766 17
100002 767 17
100002 768 17
100002 769 17
100002 770 17
100002 771 17
100002 772 17
100002 773 17
100002 774 17
100002 775 17
100002 776 17
100002 777 17
100002 778 17
100002 779 17
100002 780 17
100002 781 17
100002 782 17
100002 783 17
100002 784 17
100002 785 17
100002 786 17
100002 787 17
100002 788 17
100002 789 17
100002 790 17
100002 791 17
100002 792 17
100002 793 17
100002 794 17
100002 795 17
100002 796 17
100002 797 17
100002 798 17
100002 799 17
100002 800 17
100002 801 17
100002 802 17
100002 803 17
100002 804 17
100002 805 17
100002 806 17
100002 807 17
100002 808 17
100002 809 17
100002 810 17
100002 811 17
100002 812 17
100002 813 17
100002 814 17
100002 815 17
100002 816 17
100002 817 17
100002 818 17
100002 819 17
100002 820 17
100002 821 17
100002 822 17
100002 823 17
100002 824 17
100002 825 17
100002 826 17
100002 827 17
100002 828 17
100002 829 17
100002 830 17
100002 831 17
100002 832 17
100002 833 17
100002 834 17
100002 835 17
100002 836 17
100002 837 17
100002 838 17
100002 839 17
100002 840 17
100002 841 17
100002 842 17
100002 843 17
100002 844 17
100002 845 17
100002 846 17
100002 847 17
100002 848 17
100002 849 17
100002 850 17
100002 851 17
100002 852 17
100002 853 17
100002 854 17
100002 855 17
100002 856 17
100002 857 17
100002 858 17
100002 859 17
100002 860 17
100002 861 17
100002 862 17
100002 863 17
100002 864 17
100002 865 17
100002 866 17
100002 867 17
100002 868 17
100002 869 17
100002 870 17
100002 871 17
100002 872 17
100002 873 17
100002 874 17
100002 875 17
100002 876 17
100002 877 17
100002 878 17
100002 879 17
100002 880 17
100002 881 17
100002 882 17
100002 883 17
100002 884 17
100002 885 17
100002 886 17
100002 887 17
100002 888 17
100002 889 17
100002 890 17
100002 891 17
100002 892 17
100002 893 17
100002 894 17
100002 895 17
100002 896 17
100002 897 17
100002 898 17
100002 899 17
100002 900 17
100002 901 17
100002 902 17
100002 903 17
100002 904 17
100002 905 17
100002 906 17
100002 907 17
100002 908 17
100002 909 17
100002 910 17
100002 911 17
100002 912 17
100002 913 17
100002 914 17
100002 915 17
100002 916 17
100002 917 17
100002 918 17
100002 919 17
100002 920 17
100002 921 17
100002 922 17
100002 923 17
100002 924 17
100002 925 17
100002 926 17
100002 927 17
100002 928 17
100002 929 17
100002 930 17
100002 931 17
100002 932 17
100002 933 17
100002 934 17
100002 935 17
100002 936 17
100002 937 17
100002 938 17
100002 939 17
100002 940 17
100002 941 17
100002 942 17
100002 943 17
100002 944 17
100002 945 17
100002 946 17
100002 947 17
100002 948 17
100002 949 17
100002 950 17
100002 951 17
100002 952 17
100002 953 17
100002 954 17
100002 955 17
100002 956 17
100002 957 17
100002 958 17
100002 959 17
100002 960 17
100002 961 17
100002 962 17
100002 963 17
100002 964 17
100002 965 17
100002 966 17
100002 967 17
100002 968 17
100002 969 17
100002 970 17
100002 971 17
100002 972 17
100002 973 17
100002 974 17
100002 975 17
100002 976 17
100002 977 17
100002 978 17
100002 979 17
100002 980 17
100002 981 17
100002 982 17
100002 983 17
100002 984 17
100002 985 17
100002 986 17
100002 987 17
100002 988 17
100002 989 17
100002 990 17
100002 991 17
100002 992 17
100002 993 17
100002 994 17
100002 995 17
100002 996 17
100002 997 17
100002 998 17
100002 999 17
100002 1000 17
