0 0 -5
0 1 -3
0 2 -1
0 3 1
0 4 3
0 5 5
1 1 -4
1 2 -2
1 3 0
1 4 2
1 5 4
2 2 -3
2 3 -1
2 4 1
847609491 847609491
1 4 2 5
188065676 53040596
YES
0 0 -4
0 1 -2
0 2 0
648658110 648658110
0 2 2 4
648658110 648658110
YES
0 0 -3
0 1 -1
0 2 1
1 1 -2
1 2 0
2 2 -1
NO
0 0 0
1 1 1
98 98
1 1 0 0
98 98
NO
0 0 -5
0 1 -3
0 2 -1
0 3 1
166753584 166753584
1 3 3 5
748138788 947080194
0 4 3
33478366 33478366
3 4 4 5
997401 1007375
0 5 5
879741223 879741223
5 5 5 5
102 102
1 1 -4
1 2 -2
1 3 0
1 4 2
1 5 4
2 2 -3
2 3 -1
2 4 1
2 5 3
3 3 -2
3 4 0
3 5 2
4 4 -1
4 5 1
5 5 0
NO
0 0 -2
0 1 0
977451 977451
0 1 1 2
977451 967478
1 1 -1
NO
