1000 1000
1 2
2 3
1 4
4 5
1 6
6 7
7 8
7 9
1 10
8 11
7 12
12 13
13 14
5 15
9 16
12 17
2 18
15 19
2 20
14 21
3 22
9 23
4 24
22 25
13 26
12 27
6 28
22 29
19 30
20 31
27 32
3 33
17 34
21 35
5 36
16 37
19 38
16 39
8 40
21 41
29 42
12 43
28 44
17 45
12 46
43 47
43 48
43 49
4 50
36 51
41 52
39 53
39 54
48 55
41 56
42 57
10 58
37 59
35 60
29 61
22 62
30 63
42 64
43 65
3 66
10 67
23 68
21 69
27 70
6 71
40 72
40 73
65 74
14 75
19 76
1 77
22 78
68 79
41 80
44 81
16 82
3 83
43 84
66 85
28 86
58 87
38 88
50 89
77 90
23 91
13 92
6 93
52 94
57 95
34 96
73 97
35 98
94 99
85 100
58 101
51 102
15 103
43 104
101 105
69 106
64 107
39 108
74 109
35 110
20 111
55 112
1 113
111 114
98 115
112 116
49 117
85 118
92 119
103 120
20 121
73 122
30 123
111 124
66 125
102 126
20 127
103 128
55 129
38 130
115 131
83 132
67 133
21 134
10 135
130 136
104 137
105 138
77 139
95 140
49 141
80 142
28 143
78 144
9 145
127 146
51 147
94 148
33 149
77 150
73 151
80 152
107 153
109 154
77 155
35 156
2 157
142 158
76 159
114 160
37 161
123 162
36 163
19 164
136 165
159 166
98 167
91 168
161 169
59 170
97 171
102 172
122 173
46 174
146 175
135 176
41 177
72 178
165 179
84 180
3 181
92 182
141 183
30 184
86 185
91 186
184 187
79 188
166 189
136 190
32 191
24 192
107 193
25 194
73 195
6 196
43 197
118 198
110 199
104 200
99 201
15 202
95 203
141 204
7 205
80 206
67 207
194 208
188 209
162 210
164 211
103 212
120 213
161 214
152 215
75 216
179 217
43 218
105 219
79 220
11 221
121 222
171 223
107 224
68 225
17 226
104 227
68 228
183 229
80 230
12 231
217 232
52 233
147 234
16 235
169 236
182 237
216 238
68 239
236 240
130 241
88 242
77 243
154 244
205 245
129 246
75 247
137 248
72 249
61 250
249 251
176 252
74 253
121 254
228 255
132 256
195 257
233 258
59 259
157 260
182 261
214 262
144 263
86 264
237 265
80 266
245 267
121 268
71 269
191 270
163 271
243 272
218 273
237 274
170 275
30 276
15 277
152 278
226 279
182 280
81 281
102 282
172 283
231 284
122 285
36 286
31 287
144 288
38 289
180 290
67 291
209 292
203 293
130 294
285 295
58 296
169 297
181 298
89 299
23 300
272 301
133 302
51 303
64 304
212 305
168 306
176 307
240 308
243 309
14 310
148 311
265 312
272 313
21 314
86 315
303 316
209 317
307 318
163 319
54 320
296 321
267 322
144 323
183 324
182 325
137 326
225 327
295 328
112 329
141 330
319 331
143 332
217 333
86 334
233 335
256 336
80 337
315 338
64 339
51 340
240 341
76 342
241 343
14 344
67 345
82 346
101 347
170 348
43 349
63 350
227 351
232 352
304 353
256 354
98 355
220 356
324 357
83 358
74 359
232 360
119 361
251 362
135 363
59 364
195 365
192 366
177 367
231 368
333 369
22 370
45 371
84 372
69 373
22 374
149 375
197 376
29 377
205 378
166 379
97 380
281 381
187 382
145 383
82 384
313 385
106 386
176 387
120 388
185 389
383 390
172 391
343 392
112 393
31 394
339 395
121 396
244 397
154 398
331 399
223 400
79 401
80 402
324 403
120 404
177 405
228 406
238 407
239 408
259 409
31 410
327 411
227 412
233 413
231 414
109 415
86 416
297 417
152 418
154 419
373 420
67 421
263 422
238 423
240 424
152 425
62 426
425 427
13 428
192 429
200 430
187 431
114 432
85 433
32 434
375 435
298 436
432 437
337 438
132 439
118 440
168 441
416 442
96 443
245 444
162 445
10 446
296 447
227 448
431 449
92 450
249 451
246 452
275 453
135 454
231 455
10 456
384 457
74 458
430 459
238 460
308 461
290 462
457 463
44 464
390 465
249 466
41 467
300 468
103 469
266 470
191 471
181 472
285 473
158 474
258 475
107 476
63 477
82 478
96 479
56 480
231 481
411 482
132 483
182 484
310 485
419 486
315 487
426 488
432 489
364 490
186 491
167 492
400 493
77 494
335 495
355 496
495 497
377 498
337 499
276 500
163 501
29 502
364 503
15 504
358 505
98 506
360 507
331 508
348 509
166 510
429 511
24 512
372 513
360 514
440 515
190 516
488 517
49 518
410 519
260 520
181 521
60 522
457 523
398 524
258 525
325 526
523 527
470 528
289 529
321 530
426 531
341 532
239 533
115 534
430 535
430 536
506 537
518 538
233 539
83 540
379 541
368 542
161 543
48 544
292 545
180 546
1 547
301 548
306 549
283 550
194 551
395 552
102 553
301 554
374 555
123 556
294 557
178 558
513 559
521 560
380 561
236 562
321 563
59 564
447 565
247 566
151 567
299 568
469 569
347 570
363 571
434 572
315 573
529 574
427 575
413 576
345 577
226 578
28 579
461 580
318 581
174 582
440 583
248 584
161 585
81 586
1 587
279 588
181 589
16 590
414 591
399 592
188 593
262 594
330 595
336 596
219 597
354 598
72 599
215 600
161 601
10 602
98 603
302 604
73 605
413 606
460 607
163 608
596 609
173 610
57 611
517 612
608 613
134 614
73 615
200 616
85 617
391 618
7 619
582 620
384 621
127 622
514 623
395 624
299 625
262 626
137 627
276 628
90 629
162 630
323 631
14 632
425 633
5 634
44 635
321 636
255 637
384 638
632 639
125 640
611 641
571 642
216 643
497 644
317 645
346 646
125 647
20 648
581 649
326 650
43 651
170 652
142 653
460 654
40 655
140 656
574 657
111 658
554 659
659 660
384 661
643 662
36 663
491 664
96 665
530 666
413 667
542 668
613 669
109 670
270 671
164 672
206 673
465 674
127 675
406 676
281 677
658 678
444 679
579 680
637 681
603 682
631 683
604 684
184 685
123 686
623 687
481 688
482 689
508 690
571 691
431 692
633 693
336 694
653 695
27 696
532 697
668 698
234 699
522 700
52 701
375 702
682 703
600 704
383 705
355 706
619 707
164 708
510 709
278 710
185 711
26 712
82 713
88 714
307 715
118 716
54 717
276 718
261 719
671 720
464 721
633 722
457 723
290 724
421 725
495 726
100 727
562 728
269 729
525 730
589 731
261 732
713 733
641 734
485 735
307 736
215 737
205 738
681 739
37 740
474 741
299 742
258 743
602 744
674 745
341 746
280 747
186 748
474 749
10 750
63 751
110 752
424 753
645 754
632 755
185 756
20 757
647 758
139 759
195 760
110 761
248 762
96 763
232 764
442 765
601 766
221 767
46 768
323 769
502 770
627 771
530 772
711 773
243 774
623 775
278 776
299 777
512 778
17 779
499 780
70 781
171 782
458 783
728 784
550 785
135 786
352 787
659 788
559 789
351 790
601 791
508 792
23 793
695 794
156 795
578 796
740 797
712 798
51 799
134 800
695 801
95 802
394 803
767 804
405 805
261 806
448 807
470 808
372 809
428 810
465 811
151 812
234 813
577 814
688 815
417 816
518 817
439 818
408 819
243 820
457 821
55 822
206 823
239 824
753 825
343 826
403 827
560 828
9 829
232 830
150 831
399 832
737 833
716 834
142 835
117 836
812 837
269 838
784 839
789 840
216 841
107 842
498 843
237 844
589 845
700 846
158 847
614 848
270 849
769 850
599 851
457 852
135 853
683 854
505 855
757 856
366 857
445 858
692 859
148 860
506 861
361 862
393 863
573 864
19 865
735 866
308 867
22 868
693 869
649 870
36 871
329 872
28 873
59 874
389 875
829 876
13 877
72 878
16 879
150 880
263 881
738 882
647 883
350 884
882 885
349 886
6 887
710 888
74 889
463 890
633 891
533 892
864 893
400 894
49 895
294 896
859 897
90 898
416 899
204 900
592 901
452 902
828 903
751 904
209 905
410 906
372 907
116 908
27 909
345 910
703 911
804 912
228 913
711 914
136 915
911 916
627 917
459 918
850 919
329 920
104 921
164 922
734 923
218 924
99 925
329 926
286 927
171 928
316 929
366 930
654 931
508 932
862 933
363 934
158 935
193 936
933 937
514 938
642 939
674 940
265 941
433 942
906 943
860 944
294 945
374 946
24 947
112 948
226 949
134 950
130 951
693 952
686 953
744 954
510 955
954 956
812 957
417 958
911 959
14 960
806 961
622 962
946 963
664 964
95 965
676 966
758 967
379 968
542 969
513 970
775 971
608 972
97 973
844 974
359 975
777 976
941 977
192 978
124 979
126 980
127 981
541 982
490 983
104 984
396 985
905 986
529 987
417 988
974 989
740 990
395 991
326 992
377 993
242 994
882 995
37 996
303 997
102 998
122 999
559 1000
2 75
2 774
1 12 10
2 356
1 346 7
2 266
2 24
1 308 5
2 123
2 200
1 209 6
1 904 10
2 214
2 670
2 180
1 934 9
1 365 2
1 786 3
1 21 1
2 222
1 789 4
2 200
1 27 8
2 980
1 575 6
1 460 9
1 341 4
2 714
1 942 8
1 112 9
1 282 7
1 24 9
1 31 7
1 642 7
1 707 5
1 783 1
2 585
2 794
1 638 3
2 977
1 295 9
2 676
1 102 7
1 445 9
1 173 1
1 163 4
2 949
1 37 2
2 425
1 817 10
2 479
2 304
1 454 6
2 43
1 743 4
1 893 5
1 416 9
2 584
2 977
1 773 8
1 831 2
2 65
1 840 6
1 524 4
1 202 5
2 284
1 163 6
1 978 6
2 178
2 553
2 124
2 695
1 740 10
1 19 8
1 2 1
1 706 3
2 846
1 414 10
1 696 6
2 414
1 32 1
2 528
2 75
2 503
2 950
1 388 1
1 342 5
1 726 6
1 644 3
2 845
1 83 8
2 69
1 232 9
1 239 8
1 947 2
1 641 8
2 168
2 472
1 951 6
1 682 2
2 279
1 813 1
2 113
1 529 1
2 595
2 404
2 335
1 367 2
2 807
2 727
1 74 6
2 23
2 277
1 544 8
1 856 2
1 800 6
2 533
2 882
2 743
1 306 10
2 563
2 570
2 377
2 379
2 966
2 961
2 71
1 687 7
1 753 4
2 855
1 48 6
1 413 3
2 142
1 331 3
1 712 7
2 659
2 206
1 395 5
1 66 7
1 852 7
1 73 1
1 161 1
2 890
2 784
1 369 7
1 401 9
1 896 3
1 936 4
2 473
1 743 5
1 257 6
2 269
2 788
2 279
1 791 1
2 496
1 695 5
1 410 4
2 382
2 28
2 431
2 462
1 451 7
2 26
1 930 3
2 122
2 75
2 983
1 643 1
2 361
1 143 7
1 996 5
1 575 9
1 75 3
1 734 1
1 725 9
2 154
1 585 4
2 817
2 972
1 611 9
1 39 3
1 875 10
2 468
2 988
2 922
2 630
2 65
1 65 2
1 774 2
1 142 4
1 876 1
1 606 6
2 157
1 238 4
1 726 8
1 155 9
2 506
1 377 4
1 718 5
2 144
1 433 9
2 78
1 899 7
2 203
1 848 5
1 224 3
1 669 1
2 627
2 919
2 422
2 224
1 775 4
2 566
2 691
2 321
2 972
1 689 1
1 766 2
2 506
1 861 7
2 613
1 954 6
1 571 5
1 831 6
2 808
2 196
1 463 6
2 593
1 807 2
1 462 8
2 433
2 544
1 117 7
2 453
2 481
2 415
2 883
2 310
1 454 4
1 749 10
2 32
2 200
1 622 4
1 308 1
2 397
1 351 6
2 516
2 968
1 679 9
1 393 8
2 631
1 27 2
1 261 7
2 848
2 447
2 69
1 117 6
1 577 7
2 672
2 883
2 481
1 829 5
1 913 7
1 367 9
1 741 1
2 956
1 409 6
1 739 4
2 448
1 813 9
2 263
2 587
2 351
1 572 2
1 740 7
2 342
1 769 10
2 448
1 598 1
1 780 3
2 762
2 290
1 301 2
1 375 4
2 63
2 7
1 103 5
1 830 2
1 430 6
1 303 9
2 730
2 380
1 59 1
1 654 7
2 699
2 875
2 337
2 216
2 154
2 840
1 720 7
1 854 6
2 631
1 946 3
2 272
1 461 2
1 503 10
1 970 5
1 843 5
2 129
2 815
2 757
1 835 9
2 312
1 986 8
2 190
2 20
2 611
1 584 6
1 216 9
2 746
1 71 6
1 272 8
1 258 1
2 943
1 575 9
2 195
2 661
2 689
2 712
2 116
2 614
1 747 1
1 600 5
1 773 8
2 830
1 815 10
1 20 1
1 176 9
2 926
1 599 2
1 84 9
1 799 10
2 221
2 455
1 77 3
1 385 1
1 291 4
1 987 8
2 24
2 789
1 449 9
2 469
1 952 3
1 441 2
1 531 9
2 533
2 559
2 39
2 608
1 303 1
1 182 1
1 30 1
1 541 7
2 611
1 60 5
1 741 1
1 512 6
1 554 9
1 768 3
1 111 9
1 36 10
1 649 9
1 947 10
2 567
1 970 4
1 53 10
2 958
2 183
1 215 2
1 451 4
1 407 9
2 589
1 136 8
1 719 7
1 890 1
1 828 7
2 273
1 480 5
1 190 6
2 94
1 571 2
2 658
2 661
2 712
1 948 1
1 101 6
1 520 3
1 374 1
1 273 8
1 881 9
2 192
1 321 4
1 619 10
1 973 3
2 386
2 307
1 381 4
2 843
1 837 4
2 196
1 920 10
1 188 7
2 120
1 415 4
2 126
1 967 3
1 107 6
2 52
2 421
1 89 5
2 266
2 524
2 871
2 515
2 368
1 693 6
1 907 6
2 184
1 910 6
1 336 7
2 260
1 627 8
1 818 6
1 718 1
1 199 2
2 793
2 39
1 572 10
1 254 4
1 944 6
2 589
1 428 5
2 358
1 200 10
1 955 10
1 373 4
2 543
2 879
2 65
2 73
2 421
2 976
2 563
1 580 10
1 34 4
2 624
1 156 3
1 559 8
1 742 5
1 880 2
1 890 4
2 323
1 753 5
2 931
1 427 7
1 644 2
2 983
1 309 5
1 77 7
2 699
1 912 8
2 398
1 191 1
2 934
2 316
1 339 1
2 748
2 580
1 487 5
2 135
1 407 6
2 367
1 652 7
2 481
1 565 7
2 695
1 272 4
1 568 7
1 860 7
2 19
1 779 7
2 535
1 50 2
2 571
2 967
1 590 9
1 320 6
1 163 9
2 481
2 62
2 252
2 790
2 179
2 459
2 472
1 292 8
1 741 6
1 457 8
2 752
2 52
1 225 2
1 128 2
1 258 7
2 534
2 19
2 212
1 965 10
1 375 10
2 675
2 221
2 57
1 284 4
1 90 1
1 455 1
1 669 4
1 79 10
1 981 9
2 822
2 897
2 324
2 180
2 723
2 640
2 915
2 141
1 292 8
2 379
1 74 7
2 309
1 321 9
2 450
2 424
1 714 1
1 128 4
1 363 6
2 796
1 286 3
2 681
1 121 9
1 498 5
2 899
2 280
2 192
1 658 5
1 375 3
1 911 6
2 64
1 614 7
2 601
2 465
2 646
2 570
1 269 3
2 584
1 646 9
2 691
1 839 8
2 648
1 523 6
1 371 1
1 293 4
2 614
1 927 8
2 260
2 654
2 584
1 71 9
2 940
2 662
2 763
2 463
2 766
2 851
2 359
2 932
2 876
2 76
2 391
1 799 10
1 636 7
2 993
2 369
2 338
2 690
1 701 7
1 873 6
1 86 5
2 212
2 975
1 187 8
1 314 8
1 888 3
1 245 6
1 683 7
2 326
1 203 6
2 585
1 66 8
2 391
2 483
1 549 6
2 417
1 122 4
2 450
2 409
2 167
1 384 3
1 927 7
1 895 9
1 245 10
2 923
2 63
1 457 9
2 376
1 376 8
1 223 1
1 34 5
1 828 5
2 682
2 682
1 252 7
2 819
1 253 2
2 487
2 270
1 201 9
2 548
2 158
1 617 5
2 111
1 492 3
1 320 6
1 661 9
2 346
2 826
1 79 5
2 525
2 697
1 631 10
1 769 6
1 530 6
2 156
2 680
2 797
1 663 2
1 122 6
2 147
1 216 8
2 356
1 957 8
1 209 4
2 253
2 372
1 523 6
1 418 5
1 269 8
1 199 10
2 832
2 193
1 246 10
1 213 5
1 315 9
1 119 8
1 312 10
1 51 1
1 442 4
2 123
1 980 7
2 313
2 618
1 660 3
2 29
2 101
2 920
1 957 8
1 871 4
1 368 9
2 966
2 868
2 334
2 54
2 925
1 325 4
1 356 2
2 47
2 564
1 228 4
1 339 3
2 816
2 752
2 668
2 299
2 22
2 41
1 882 2
2 20
1 43 3
1 171 1
1 44 5
1 504 2
2 400
1 952 2
2 767
1 609 3
2 99
1 720 4
2 521
1 334 8
1 86 1
2 376
1 44 8
2 780
2 293
2 600
2 193
1 819 4
1 450 2
1 21 6
1 339 8
1 884 2
1 796 9
1 898 1
1 586 3
2 983
1 74 1
1 256 7
1 165 10
1 593 5
1 21 3
2 920
2 791
1 922 1
1 748 2
1 195 5
1 465 3
1 433 2
1 251 4
2 493
1 921 1
2 745
2 646
1 634 1
2 899
1 884 2
1 747 9
1 793 1
1 464 4
2 156
2 693
2 787
1 730 2
2 236
1 547 8
1 473 6
2 210
1 766 6
1 748 8
1 191 8
1 374 8
1 915 9
1 793 9
1 131 6
2 351
1 687 5
2 371
1 950 6
2 6
2 564
2 976
2 563
1 746 5
2 994
2 353
2 211
2 203
1 98 7
1 882 10
1 59 7
2 102
1 624 3
2 209
1 916 8
2 517
2 115
2 657
2 672
1 996 5
1 90 9
1 479 5
2 646
2 913
1 763 2
1 468 8
1 658 6
1 782 6
1 827 7
2 754
2 489
1 865 7
1 962 7
1 462 5
1 379 6
2 753
1 781 2
1 435 10
1 116 3
1 956 5
1 96 7
1 332 10
1 804 5
1 128 4
1 958 1
1 47 4
1 9 7
1 942 10
1 613 2
2 765
1 134 7
2 526
2 783
2 646
1 866 4
2 790
2 763
2 387
2 754
2 418
2 373
2 692
1 301 3
1 376 10
1 863 7
1 113 7
2 484
1 472 3
1 397 2
1 956 10
2 776
2 419
2 184
2 343
1 315 10
2 397
1 502 9
1 350 9
2 479
2 724
1 741 7
2 292
2 600
1 702 6
1 163 1
1 248 7
1 731 8
2 228
1 403 10
1 172 9
2 401
1 836 9
1 545 2
1 742 10
2 358
1 935 5
2 585
1 630 7
2 480
1 470 2
2 367
2 508
2 856
1 746 10
2 996
1 301 6
1 794 2
2 993
2 832
2 140
1 443 9
2 939
1 753 9
2 995
1 783 1
2 894
2 404
1 25 7
2 303
1 669 8
1 760 1
1 818 5
1 412 8
1 245 9
2 708
1 181 10
2 415
1 917 6
1 794 9
1 732 10
2 722
2 703
1 347 7
2 389
2 249
2 603
2 686
2 600
2 912
2 503
2 230
1 986 9
2 116
1 612 9
1 895 1
1 574 10
1 219 4
2 650
1 774 3
2 514
1 481 8
1 686 5
1 258 9
1 689 7
2 433
1 287 5
1 991 9
2 911
1 677 3
2 334
2 165
1 306 4
2 508
2 523
2 508
2 356
1 256 6
1 271 1
1 948 10
1 322 8
1 790 6
1 413 7
1 470 3
1 499 2
1 998 9
2 836
1 153 4
2 243
1 950 4
2 169
2 38
1 329 9
1 727 4
2 320
1 633 6
2 859
1 932 3
2 753
2 409
1 526 9
2 579
2 591
2 297
2 748
2 647
1 279 8
2 774
1 595 5
2 56
1 534 10
2 992
2 523
1 682 4
2 514
2 291
2 857
2 549
1 893 9
2 674
2 279
1 167 9
1 969 10
1 446 7
2 118
2 33
2 173
1 200 1
2 638
2 41
1 301 1
2 664
