1,34,179,143,84,209,106,218,157,1,46,246,83,186,237,73,190,
239,118,154,190,208,189,131,131,179,110,36,124,143,15,91,
252,47,199,150,82,121,112,205,56,99,84,214,97,96,220,141,
117,250,116,225,147,57,13,121,73,222,173,76,184,199,74,210,
169,150,57,156,61,151,223,95,95,225,219,18,245,77,229,78,
204,200,170,144,118,237,143,220,74,116,250,210,73,124,56,
106,84,141,1,91,199,169,214,246,76,208,186,190,47,156,57,
117,184,121,73,205,112,82,84,131,199,15,173,225,222,179,190,
83,150,239,99,57,110,121,13,36,209,131,154,218,147,252,97,
61,46,157,150,96,189,50,241,118,150,78,61,240,64,59,30,48
