249 213
9 31986752 83925610 553798 4274115 4048125 64854717 97893958 50873116 14126467
5 31640924 91001716 84167323 74262339 46703040
4 42909842 4248776 11682966 16066519
1 46040968
4 86307315 99262635 36384717 14741609
1 74539753
1 91653940
6 31554162 44724089 63316971 35602286 62095157 13727280
2 76221624 29614924
7 19739691 66298598 44895015 18959082 72466842 40321208 23207858
9 8904078 55994148 82707127 31882952 94817815 34486113 20784020 9559423 99140804
4 57187975 43311095 6882980 88742137
5 70199950 24344422 2646691 83927229 63336175
6 66058504 33968851 3640709 84873454 31380217 22599790
5 24217777 45807647 46522805 33121854 54318147
3 17521157 49135961 16232396
6 11211735 67889551 86145300 68399709 11200645 93028279
5 51752179 15744580 34002619 6915221 52188160
3 90816239 70763015 31307644
7 55636468 15204212 17056736 65493114 39421988 15380735 64532271
2 69698881 46278553
8 71351193 62510948 80886526 35079279 82916850 67031825 3478987 94117494
5 60620832 98386024 80837386 94623450 57817597
5 44478594 48633835 56304911 28302589 95607133
1 43506801
8 82467196 35445140 80560954 46999466 60505333 2776186 93278019 50570331
8 8305318 83973208 9206656 91222168 51005032 65201995 37856013 16097838
8 36242037 96935223 25478979 46575985 82477119 69957572 95209819 91298381
1 90816951
1 41766961
10 38223307 29728452 36558124 85222772 90233785 39334309 31017142 93320467 65978039 39322460
4 27701046 83060979 80815057 92903040
1 96912894
7 9675379 46364468 96721195 56251363 81357938 66678767 3977533
8 64938927 94794483 80928781 59222239 3308005 19152087 88950690 39866128
10 79184474 31716788 40424704 25021292 97694826 32263515 2314965 25395872 15324493 83130021
1 88757835
6 89541128 50949566 31440085 38778674 7200928 12798022
10 11178461 37970692 22912718 58489295 18899472 34651308 14313651 90567910 23601998 54179778
1 55302823
8 40400174 32840467 36107743 72663688 35155431 14019966 40504532 70801804
9 29262367 3361069 26892708 80211932 87317506 65671381 39929211 115527 23645173
3 38086218 46557890 14629670
1 81209198
10 69950 57327547 35639450 45421 65146721 74052367 92961946 97987187 62676461 65625634
10 76696427 6130165 56460773 61531655 87908883 12338193 40940714 20637166 99655698 6612094
7 52287577 30257266 64190399 42890146 29331508 78820068 4908539
7 60279740 4978488 72900955 95919189 57540260 90564027 69971555
6 41067566 32648015 68644191 26726535 61860793 74774355
9 75908799 15199590 558203 16849512 35836755 213901 75977958 96403131 5017829
5 13109882 424326 88083082 44446301 5332864
10 4726040 62827704 76557444 645228 20367963 67121471 23133134 23386520 8189036 8297501
10 87431922 22674645 19321417 23135580 51099796 34521006 76210134 67949307 70357760 28940386
6 19277243 33958214 55195191 32387124 86898892 95794624
6 92231755 99451114 34075816 55059458 28524909 87237395
3 48162731 62886881 51330292
8 23700733 43361002 96300039 46375377 62682418 71951970 97475172 97203423
4 17940831 20077534 77102489 14384446
6 63577055 22095988 24258251 50475946 17890612 53608027
10 69858077 40200194 50283510 98382985 79953940 78227282 46545716 42840820 29557573 55413833
4 72918574 4230224 65433281 88117343
5 15424804 85320765 76860648 33365634 5398299
9 266432 97269426 22572895 74878771 21527677 73048840 45285734 27652055 68272891
10 20368600 71072752 66043147 322539 49300033 65105214 95679711 31373958 73035398 14737614
1 77265621
6 44926226 58480518 48112050 30246990 87857517 81477683
10 94337005 34260466 37947418 69426251 9139237 59475094 42475090 54424970 39643500 63264333
2 60012099 34337084
8 60334637 36153469 5749843 8530699 67527426 78785240 23268313 24336308
3 55955558 69262533 67047730
7 52025875 7421598 38061642 40187514 1758603 24838459 78134931
5 33977695 90126376 18692647 40919017 82286227
9 15520500 42298325 68810414 3648777 55149314 57480234 61914971 63680012 25007659
10 39464676 1860319 1783774 95420234 71122851 21347855 52004192 75665077 28769453 42582185
3 83044407 67420644 46503873
1 53914690
1 25438257
8 71432827 59911587 62870557 66247504 28722001 19035685 21396817 86202234
5 85076828 63726245 74167217 24541504 65586563
10 72478089 89225765 97298845 24482280 64890842 78584649 19580817 33259784 61629055 87001460
8 68374665 93432501 73942960 46329274 40782559 97892139 6240860 3653115
2 87479212 22688800
8 73681446 56155806 23129637 89924042 30323022 187492 8026956 58790364
2 97252720 8605560
2 14659913 87190208
10 436048 48819262 8762839 85232408 69710278 54711691 11691719 16039551 95494249 9583857
3 51663716 26239850 62275974
5 11776307 35957419 30508320 87422296 78397812
4 40126139 86424767 72138057 65308071
9 80743616 67488634 50853751 67933823 89250013 3806151 69269436 50529203 89038558
3 5240893 730276 7535616
2 10314133 82332378
9 36553982 97124703 79267723 846641 85598474 62292394 40785288 63996285 28156439
8 50421052 294495 98735848 86614890 81038110 66224481 89984992 1488284
5 93791142 23274071 58520047 35346051 14770136
10 36076327 22305751 17012433 98906811 57154480 21927641 87977144 54279182 53711715 41340136
5 68520460 34641775 56390292 96676899 68069553
5 49487745 19321752 98458936 83042207 85546233
7 84530490 93537077 34751421 7804561 52057124 22613823 22574696
5 11206501 97396798 37863199 62629663 7067629
1 3123159
2 66018905 44463294
9 87055716 31621421 62647460 83732614 52207325 21975154 85736711 71529076 20434089
7 57075308 61394367 5825758 3128737 48662139 66146670 7702212
2 41237717 28552978
2 91150866 66416176
5 98218494 78723366 48235283 64598008 97258622
8 70855176 84314337 29352700 86018987 20563303 81560024 7994140 6300013
10 80944580 27595281 62680759 94855298 33421038 18325847 43517437 52084060 26028058 14793398
8 7097387 97275859 36988994 73513562 94904335 87723839 52236927 43139617
8 49495548 40870897 75693373 86326237 70223596 61712359 6889539 4299972
10 13189551 9905423 3167429 93301183 25102533 50539079 79238572 43428380 94056515 31322631
9 8849912 29677111 29070176 58642122 66666104 2583737 6062809 6906294 7337016
7 11744492 9348915 42589673 39954216 95675151 65329621 54182927
9 69629592 76405776 68270591 32051366 32089557 61571773 57153898 82628635 40810345
7 76685149 24649327 22555066 38051412 54326437 4141593 49209885
2 59241681 55272693
8 66578696 9507822 97192381 28443963 4613846 37146596 24119113 69943466
4 79200154 92089409 20251650 99987096
4 4857558 14075221 81294672 40002544
7 34393300 69204044 32051243 56948365 7255455 38894032 13606309
1 64919275
10 16770736 50367164 91943037 26278557 47559544 20386999 30892402 37222492 97022464 53352220
5 76222617 45441628 53836366 76209712 22098754
5 42801284 3393425 51212818 50203200 37786724
1 82254443
1 80188667
6 60857749 41686710 91100452 86222090 58457445 41467616
7 37252353 41543511 98552125 20661106 78766002 95574588 74013325
9 24313556 19454953 18703436 53039620 41553706 29913711 95840903 97463482 81126528
3 35250205 54059741 80814897
7 34248407 6996074 48392098 75935116 98096525 34614187 86908912
10 12779313 24161264 81107651 63847790 44822370 12390004 59422377 71352046 77257074 36252285
10 95960510 89291904 37393407 25874220 85132806 34856888 59517099 83693260 22623445 13576839
6 57641441 341598 24020581 6033538 76276713 22117106
5 15701977 14197597 5943389 39863240 95305247
8 37201961 60211603 81729907 8554007 37468676 17982191 4393708 33429185
4 41787115 11819756 44923251 76644002
5 81132863 99267446 37430045 98157370 9425239
2 22177951 67975128
7 44295056 61139204 82266683 58492652 67082593 74646274 6314251
2 64364587 19042205
8 25434945 56510880 89102218 29828652 42456417 48892663 71615766 6792524
6 48259768 30645730 27465128 43565 68075775 78138849
3 5847416 316799 77443931
2 44611854 91099486
4 55620858 58182078 81841430 14451460
10 46206016 33493664 71208579 71640960 42520895 60310797 1469611 37493663 61719811 73085377
7 60568428 21345144 27448268 40549907 73905060 95524042 18688756
3 53887810 19005554 13334145
3 16133760 4433630 33495087
9 15132060 67852868 38722428 15220611 14058883 24732443 86429189 85699842 67253337
7 39685804 4747000 13492500 12771180 1549538 74060927 86632675
7 14610834 60537735 77038199 85815941 96427949 83442360 4821494
5 62258642 73471605 19228426 48270080 97742573
5 16122947 88981352 2097447 30181829 13713794
8 68398022 80967131 40299324 8083826 38230482 6308175 73371357 92296371
2 60004032 73810527
7 73058118 3365077 33312227 69486066 86807436 90650072 31764510
10 64121677 3509287 49852509 14380601 90386124 65975456 3361953 92483570 48673636 17075746
7 69588010 98042876 26342233 30188187 88789709 32650407 56075895
1 65535860
8 59929310 13032146 41654395 63294386 98860724 63656812 2618174 89510796
3 4200603 53632472 51446960
3 68013072 41833083 72544918
4 34316652 73734906 40967122 20359561
7 91526349 46701793 78543805 80316058 31868551 34619699 66434840
1 3215977
9 10436556 44870371 89658535 9297280 8527183 44793060 51324427 56464855 1510014
8 60428166 8079476 25486321 2261248 33140746 49377697 89094252 6875651
8 9453812 55231269 81871166 8671956 33775073 14703575 40540506 68394771
5 37944916 24127099 7502563 897824 21513822
9 10195103 30041004 94470508 61519529 39022210 48496873 18992778 51966728 56576349
10 54227975 89717094 46373146 43322226 49109096 89234315 5292389 4340364 23621833 13964344
8 38325407 54504850 11542910 71980173 92449765 35670009 31999088 93347588
10 81676536 56059042 39741185 28663396 70094922 31279746 77160268 89087699 83246473 86252968
1 89990800
1 84972646
5 25079156 74206961 91121766 81935871 97828793
9 72567658 88670551 59590958 84110568 13167076 4557075 72296928 45166163 97904662
7 79359050 6480056 21738293 60538797 76574977 5534390 90215417
8 41297215 76468384 56778528 31288014 52438445 41751173 17117390 30033952
5 8239155 11969823 18819629 13325264 84537480
2 72916221 21164399
7 77473295 93461326 18339769 27894309 75458434 50215170 34374364
8 10753967 10949340 55247468 969383 81644719 96544682 77437766 38423246
7 82392562 32690771 97466436 12426514 53681607 5705591 24396336
8 71547206 61450167 85024119 96979778 35130918 10714077 26969425 81108595
7 54863733 9083381 31785366 41754448 58796458 42539332 5220139
7 96025066 86864858 15621310 25979184 25288103 95970356 8371745
5 45953144 73314610 64176832 51658734 50227297
1 75722291
6 26734889 72702068 99324733 89965317 99671492 80433327
3 54535224 42033059 3320878
1 53345869
2 1509810 19906145
9 40891019 88043807 72897162 18695473 36530514 33785259 29190698 82483657 7099868
1 86658742
5 87594651 62381032 21520980 66845891 35083100
4 56811207 34754591 6311742 28346719
7 48344801 84183948 90612189 1690669 82560509 44638350 74113165
8 85529368 62156971 54892001 4224841 98687485 88677259 33415538 33687493
7 31815770 20346235 5620643 19410420 82727266 79657974 86256310
7 53020037 43067516 5081308 59331778 23930586 99403826 60192930
3 90016014 61883598 43191394
4 35996763 25186233 72700083 50670085
3 76924923 49357569 68755492
2 83045062 17048970
1 55907648
2 14083000 38634913
7 52855661 8961630 7863973 48439528 66559289 19712102 72370113
6 79905032 33000998 8495479 94304981 76192391 95666194
3 1378623 68366277 33488180
5 45291199 82845748 2728698 60664363 18407161
7 55336943 74314808 94963630 21936295 65466073 49807566 74791955
4 10187890 23231483 46019694 29899992
7 64499159 62321375 81118944 25510989 56626355 9827686 21177183
10 63722660 42059811 72932629 45179515 39867361 8294728 424564 531723 79218241 20202231
6 6049400 67682212 30321312 24031824 17489778 5113266
7 27677667 80861100 49511922 10094010 81495399 14011080 24931736
4 39522069 34074443 24958380 13215603
2 88681039 7791765
2 86376905 47659125
1 86801469
10 91513543 59520051 56575865 97562943 27202262 39413528 21594766 97208391 44526793 25086995
10 25387893 74598916 40012771 59399643 88609996 64944507 74530336 80648416 99018949 99488715
10 25054192 40686106 54172134 24022063 79579362 1831258 36317365 66380830 2538457 27830908
2 11630673 25393850
6 51044200 99504967 7860588 48087345 24591961 85262997
9 99190877 25275768 85391231 40317224 42736626 59921566 73481991 41755574 59410281
10 66809765 52612738 74034493 43348179 32192099 28382102 32181895 51089281 83436911 60012802
2 95067583 37923003
9 98628135 89944322 48019297 46715479 67052634 85798645 25223419 66243510 63590764
9 59077085 6327389 70536214 32559075 48082962 82462846 4937786 67409078 87591935
8 63273608 19784034 59870732 47971855 70873314 43307642 7984656 52896177
6 98424011 45571238 42036062 40884684 46106886 41267892
7 31905530 66491310 26697179 95496294 77105958 85774263 1823682
4 70849690 2422996 35137721 75787475
5 22729656 7276105 38138385 95030041 67146836
9 18419706 62970829 46611246 23832234 53862404 45035256 69403471 95898466 38436291
6 37166357 46373608 47415886 56174019 73070786 95428531
8 11361400 49768564 85954851 34727441 52191559 73608924 10514916 27056336
1 70307372
10 43884971 37454207 51304958 62304676 52941387 97916203 86136909 6803790 95467811 8056732
7 33904101 23567087 44901316 32794060 23499324 1075334 58381197
6 86871661 22258949 21212770 25342864 56986389 25920680
7 20017656 52977015 323069 90325027 18171734 44208039 80295585
3 59029066 33236971 19909246
6 40040761 67893408 58255409 47775719 1797508 81822496
