360
273
292
262
125
14
9
222
136
312
265
197
296
144
6
308
149
137
10
130
24
139
250
80
86
131
352
319
320
50
238
244
69
195
306
324
234
160
302
280
210
260
126
290
42
231
299
127
129
23
19
194
135
256
264
148
67
173
348
172
175
355
336
350
283
32
214
189
151
96
81
34
154
254
115
289
276
323
186
47
228
191
330
269
327
4
7
166
95
31
200
70
111
48
180
61
298
110
91
93
117
178
176
316
112
163
20
55
209
215
109
343
155
297
230
162
356
275
44
164
303
39
3
344
318
328
337
159
293
259
182
89
286
51
1
242
339
97
187
225
41
158
168
218
77
315
263
346
229
60
226
107
347
156
90
333
206
235
84
272
253
233
220
252
185
310
204
119
36
335
326
78
331
245
99
309
360
212
270
332
11
170
190
100
28
140
199
2
75
13
141
181
274
311
49
66
169
71
147
201
5
30
104
196
208
300
123
219
266
357
232
179
33
287
94
22
68
105
321
340
317
106
239
338
157
40
279
294
113
146
171
87
82
108
57
53
29
65
132
142
79
268
314
35
145
322
121
183
45
342
59
153
174
85
351
88
247
58
217
354
277
52
98
329
83
54
102
257
224
165
143
207
261
301
177
62
288
43
64
133
103
26
15
192
267
248
73
251
213
8
227
334
211
118
37
202
282
17
152
184
25
198
271
124
101
345
325
92
281
46
76
21
167
359
56
128
295
221
255
353
63
150
246
305
72
216
307
237
223
349
74
138
205
120
161
193
341
122
358
114
116
203
304
16
188
240
236
241
134
278
291
284
38
258
27
249
18
12
285
313
243
204
87
332
229
323
153
176
295
173
158
101
7
25
351
119
52
133
95
67
148
286
121
166
294
230
202
154
210
85
107
258
335
350
92
111
142
66
299
38
82
182
253
185
356
304
260
174
265
175
354
270
293
222
48
57
77
237
19
300
29
262
326
305
336
12
125
41
63
69
288
324
353
339
137
308
211
62
43
232
46
198
199
34
327
42
88
318
74
331
189
184
143
233
302
5
347
131
161
280
55
108
312
226
190
242
35
268
234
127
263
93
64
348
177
328
123
267
178
216
180
2
256
271
209
26
102
84
50
47
228
276
341
1
110
273
96
303
278
196
179
208
54
132
21
113
333
30
249
315
277
205
250
316
169
10
150
94
106
8
217
206
68
4
193
105
103
22
90
200
334
164
231
291
45
23
138
344
33
20
14
170
39
284
186
224
139
219
116
144
261
248
9
168
6
97
89
114
279
215
227
254
70
98
220
191
16
343
272
212
345
321
86
159
128
112
140
165
3
247
145
167
149
109
115
314
257
73
141
155
274
281
78
285
172
349
255
134
118
325
188
100
162
130
297
71
49
307
187
264
275
15
135
24
235
28
36
99
120
80
340
32
194
238
146
59
319
83
31
183
37
269
27
322
136
259
283
117
75
221
152
360
51
309
317
243
240
359
251
79
290
313
357
18
91
104
342
213
298
122
358
163
282
207
171
289
53
13
72
310
201
44
244
151
245
355
301
223
58
81
147
320
338
306
11
266
292
195
246
311
126
76
65
218
157
56
352
160
124
252
241
192
156
40
129
225
346
60
329
197
330
203
296
236
337
239
17
287
61
214
181
