350 500
9292
25994
20237
8946
1255
8285
15238
26335
4081
3512
5884
11705
23465
10428
17621
17981
18209
1993
19444
8850
9614
3921
27625
29379
29179
2504
16990
14412
25939
6309
4930
13348
15550
25667
24500
11396
12134
11312
28699
28660
12647
18036
22535
6970
19631
6342
27641
23190
15729
71
14259
26249
15661
13996
26348
12497
17672
10483
21152
8338
3452
13303
27372
13850
15436
22215
28736
29754
11095
11155
20460
19908
5795
27732
27199
15630
11340
27269
19320
4339
17697
22996
19125
22754
20964
15629
21043
360
19080
2422
6228
18611
24234
5385
5624
49
6607
11648
13333
3177
21899
18902
25217
8046
17343
3506
8418
29958
22890
16873
21961
20681
13881
14599
27971
29157
28626
25975
24794
25189
22959
29529
19668
16159
81
17684
28933
27988
27828
6887
8593
12926
11860
22813
19567
25542
18458
16784
13898
8996
16748
14878
15936
14289
25425
2924
12590
25578
7888
28390
8872
12133
13033
14819
1746
17445
7255
21972
1127
18819
14994
27556
17386
613
10358
6042
22274
19412
8808
28023
29299
13773
14945
23414
28969
23059
26403
7753
16190
1659
9756
12172
22062
24916
25340
10569
26552
20868
11682
7567
12009
5210
9299
10379
13622
17713
25849
20873
17468
28518
18899
25367
10028
13826
9188
17205
24892
15273
20478
25151
20289
368
7686
26708
28206
2260
783
16466
4769
26042
6189
11039
25321
26367
29107
11626
28627
1326
24500
23730
19336
12600
6640
28581
21692
18050
22090
11222
19904
20973
18004
3205
13788
16304
3311
17637
27131
12726
23541
8205
23258
22842
15363
19610
20163
19479
5894
16355
17721
27587
20857
4232
27647
24471
23376
25568
17284
16429
3303
17770
10524
18522
20090
28027
9811
12002
3144
3202
8944
16856
24340
21776
8538
15100
13940
6248
2336
24677
2290
498
5433
3729
10253
18355
2829
18987
5422
29314
22900
21305
9051
9117
15984
6620
23168
9528
504
14346
26057
29224
12036
13810
713
26127
6761
22021
25343
7605
14524
2261
29301
5746
21886
20084
743
690
606
2757
18282
13920
7637
9797
2460
18202
1801
18142
23416
2292
26312
14566
22298
417
5084
3529
6658
5579
7190
16949
29150
29214
16950 16980
9426 9493
24762 26537
938 3495
6987 8843
1962 6259
28109 29162
13291 16666
7314 12790
16518 20083
2557 4386
19095 24994
10596 14577
10519 11379
12641 17376
639 1037
21763 27396
3171 6529
18823 22109
5062 9187
10563 12612
5383 9402
13417 19256
14822 15804
6833 12031
14949 16304
9231 10252
11551 14527
6815 11385
15054 17084
569 2801
7818 12923
294 3311
29300 29806
10888 13113
15026 19326
16081 16684
18993 21911
13437 18290
15677 17817
12761 18751
20537 24277
28433 34096
27685 32771
24234 24274
20353 25779
21494 22675
11052 16223
11712 16981
6931 9018
29561 32480
9718 12934
8130 11034
9016 11240
186 2067
13165 17151
6892 11443
1898 5384
5147 8370
21486 23739
12853 13819
10710 14930
7057 12765
21541 27257
14976 15516
14650 19942
1136 4496
16649 17463
2726 4309
6710 6728
3109 7648
4789 9862
23563 26423
13050 16246
8421 10580
15185 16082
12734 17553
11100 12559
25921 30741
4857 6601
2805 7687
16652 21223
10127 16077
29296 30121
18179 18556
6421 7393
29156 32764
26059 29581
115 2675
12195 14834
4158 9883
6505 11684
29421 35088
6787 9018
23174 28381
28184 31379
2604 5455
21931 26984
1062 2848
10049 13203
20183 20222
7069 12814
10270 14969
10152 14773
8270 11254
25350 26481
13516 18518
4797 5545
25879 28513
8089 13699
17930 20556
29036 30991
27645 33117
19613 23004
154 1131
5081 6195
4985 5942
18657 23754
6582 7203
29939 30141
11726 17200
26682 32072
14264 17999
15115 17256
25417 27081
14693 18027
2334 2337
3141 5294
15487 18959
17719 19999
26963 28018
23378 23825
14937 17507
4292 10083
23953 24588
4029 5588
2491 3663
19932 21314
20925 22216
13412 17950
5325 10109
12506 14516
5994 6348
14850 17029
23682 28893
27084 28392
28571 31232
3093 4667
4100 10054
29969 35679
28859 33687
20164 22687
4573 7530
13827 16953
13638 17908
17868 18371
24544 26084
11522 17127
16709 21874
10269 15487
22547 24954
14123 14560
20543 21617
21075 21439
14116 17936
21783 24133
10907 12866
13124 13263
19485 24491
29295 32893
5720 10153
14428 16204
19365 20112
28025 33413
25205 31165
16431 17893
10997 11280
20596 23926
21852 25702
23618 25056
2751 3281
23708 28431
29364 32853
9633 15318
28955 30569
1244 1955
8131 11133
12622 15416
19752 21161
8705 14109
1087 3940
1796 7200
21536 27440
15735 17039
13198 16788
20991 23367
865 2425
967 5193
10669 13119
25011 26645
28138 31363
18189 19748
10008 13730
1351 5463
28468 30624
18777 20876
25981 28456
22573 26901
5797 6517
28878 30690
10126 12719
17829 18500
8506 8921
28967 33879
22042 27666
12231 14370
16969 20504
11232 12436
29492 35101
23847 29460
25153 27096
11892 15417
14548 16843
5057 10172
13074 16307
12995 16417
22954 27397
14285 19215
19174 24518
16496 18936
14315 16750
3813 5670
10629 13392
8585 11360
10910 11438
3403 8219
9631 10304
26717 28747
21641 26543
11354 15115
2496 7914
23469 24707
7395 12228
15100 15608
7832 13708
2700 4745
17543 23124
17487 18902
7090 12948
25640 27918
1123 6891
6794 10362
13931 14948
28789 30929
28484 33615
8111 9994
5334 8032
774 1219
26513 30144
11137 16828
23133 27476
20595 22594
23499 25410
7361 10444
20871 22151
24098 25423
2251 6600
29618 31261
12932 17935
25494 31313
21888 22498
12443 15022
4213 7399
11742 13072
4977 5662
23018 25770
4899 6450
3589 5357
12437 16700
13024 18112
5154 8327
23970 29322
19134 24315
10216 12555
16527 22093
12439 15773
1877 6190
22124 25457
17107 17199
1638 4305
17892 20508
10094 11743
12379 15700
5404 8126
5266 10694
7289 11398
29154 33540
23679 27820
23397 26813
24172 28599
19218 22239
2933 4417
6898 7058
16487 17289
308 3901
21794 23293
20192 25921
21743 25915
4176 7659
17283 19355
11472 16450
9015 13521
22346 23029
19159 23421
6170 10126
14310 18265
19805 23055
24695 25705
14801 16477
17398 23228
15528 18367
24316 28230
7982 12163
16837 22399
3320 4146
1081 2597
15710 18442
17665 21176
381 1395
15155 18948
516 3602
17525 23015
7088 10007
15199 19751
1805 3739
9912 13071
11281 13156
22555 24227
8107 12605
20495 26035
2733 5532
16339 19043
15905 19595
10279 16269
26463 30561
23970 29832
11032 15186
29304 35260
25128 25385
6142 6208
12338 12918
10960 11893
24584 27385
13349 14662
8382 9803
23173 27020
3091 7180
23036 27542
15340 16265
3666 3677
2086 7601
5825 9367
15021 19287
11079 14670
1349 3264
14969 19605
22326 24212
18480 20646
11947 16898
13245 15426
23493 25851
8762 13734
1804 6375
19851 22215
7770 9288
26259 30322
10037 15574
16267 17561
1171 4947
6590 8844
657 3223
22100 23197
24547 24819
10337 11265
3010 4490
25821 27278
10902 15770
23069 26586
8098 12523
18302 19927
1723 4047
29211 29553
3662 7144
20356 25308
26629 32198
952 5969
2035 7986
19368 20666
17278 21475
27603 31264
14882 18669
23861 28767
10775 12757
1338 5327
29207 30966
11320 12000
11892 12713
10083 14883
6107 6848
26272 27394
15236 20796
4790 7053
19342 21981
11171 15466
27217 32053
8499 11869
1988 7382
11063 11410
21269 23340
18412 18539
12589 15975
5361 8889
10346 14581
6763 8440
21519 22261
8898 13613
14812 20191
16317 18629
11183 11560
20399 22616
21041 26889
27418 27771
2393 4970
18157 19838
17339 20803
4393 10183
4562 4986
10573 16287
16366 21881
15569 19932
26948 31742
26590 26931
14643 19081
23485 27433
6104 7979
0 1378
20323 22373
4047 6971
21521 25678
2305 4335
22408 22737
18701 22404
16532 16654
6773 8416
2587 5866
12722 14009
16980 20373
5000 9325
13890 16866
2553 3750
2939 5702
23933 28730
2765 3751
29873 32479
22013 24770
16776 18581
14133 16520
4428 9225
29262 30945
20187 23826
6180 10923
16289 20133
297 2329
14653 20586
1499 3850
14154 15489
8954 13482
12844 15604
18574 22065
13446 18785
25354 27598
6704 9615
22373 22403
15990 18573
6651 7800
27226 31860
2659 8578
22532 25728
27483 33259
22493 26924
7814 12527
1309 5896
8569 13128
19877 25777
14098 14584
5082 8517
16728 17534
20528 22955
14465 18779
12949 18069
