2000 2500
17638
8540
2283
23978
2074
16404
13188
13960
10440
9793
5509
14495
22999
19600
32695
13053
14228
10541
11186
27752
3493
31752
30069
14463
28866
5314
33102
28342
27672
2037
17683
96
36872
31564
23989
18440
28473
12918
24286
39213
28922
13302
18962
35412
26868
8549
20437
36647
6386
2327
4030
25542
36174
11466
34956
2857
2788
3454
39257
18397
37917
5723
28784
11055
22203
23441
32606
1859
116
30168
8131
19593
37774
36782
28428
5388
19519
10717
39389
14276
22432
32586
17125
1666
32192
8680
13916
28151
36548
30070
1413
8447
6124
7958
35892
20782
29528
250
22916
30076
13855
12244
11053
7998
18446
34289
21101
7828
33244
5107
37875
37140
35875
5407
38698
22227
6128
3038
21448
30791
36123
26300
25192
34595
27779
6423
5247
10124
17694
39815
14969
6707
14358
37340
38388
25380
21616
34581
16347
2141
7483
28399
21055
33726
9091
37486
33446
8784
15018
361
25451
38337
25889
17783
25605
2438
26647
31879
4146
8472
34887
4171
1568
1089
16258
29196
33642
16757
21567
2292
17281
77
13503
33492
28160
11756
10116
16873
3221
14831
23398
30380
10231
5608
8242
21048
31794
12493
31166
27397
37717
14303
28656
31721
12981
9270
37553
2461
1811
20457
4303
25969
4173
160
10176
19617
13215
22315
19972
39999
22780
34913
22196
18190
1873
18202
33190
5482
9831
39267
38697
20824
5170
28990
19847
7878
10107
11589
1138
34398
32269
37096
28539
23328
5056
763
28520
24225
22766
25365
10982
21533
7845
21905
9292
25979
29946
18377
24454
10417
10290
26197
36480
31759
13694
579
7395
22120
584
20370
31754
3200
21414
17716
17690
38984
25573
28474
19468
15429
14317
1335
14828
18860
2166
10801
38107
27455
15260
25259
5431
2508
29168
6572
36010
15304
14446
10250
26226
37575
29538
38167
34660
22591
10012
32173
21148
4442
16055
6763
15389
2289
2050
20946
32956
18051
26311
33308
29062
26450
3983
6617
26317
38893
25387
15680
14683
32958
13661
33369
17177
25979
19680
13022
37734
24861
22467
20591
18847
33370
12347
15679
18466
19639
31053
15745
4139
28428
6034
16022
27350
5279
16585
35988
24852
34788
31564
31154
15727
10330
5557
24150
1820
30062
36298
11243
17566
17809
34215
10336
11583
16737
15633
39332
11354
15222
38697
28487
10159
33400
34526
24987
788
2830
22638
18082
21653
38661
24435
38319
7854
29481
11647
36255
16938
32008
38810
11192
13871
1442
26656
38370
23593
13257
28399
28018
26607
32110
35895
36151
14909
32710
19003
39174
3938
3598
4193
27247
34211
34969
36433
7757
32908
5296
11216
34225
18988
23017
6371
3858
15171
30959
4981
2152
35978
33736
30773
34091
27377
20322
12936
10952
38403
13201
18557
17991
37329
28264
39552
36569
24825
12288
22158
38289
17797
11136
35066
14443
25764
8616
7339
29304
15023
6071
14271
6196
21956
24874
11878
37027
34814
37756
17140
13606
9370
16215
16414
33259
38075
37669
33902
7092
24070
11601
5829
39204
4112
19958
17640
19986
39325
29027
15504
33764
2667
987
39330
6950
14996
22918
21929
6929
835
17904
20113
39465
11586
5069
17046
14057
33990
12604
33080
14779
31026
28875
4488
10352
13662
2424
17216
5820
12835
23315
33046
26632
2738
3307
12803
4680
33063
2061
36498
34917
28777
4037
11964
38355
5991
38055
28019
9762
39088
24149
24130
17183
39195
27070
7715
13882
16204
4635
4083
23046
15986
21272
15617
3658
39083
27454
3725
18856
16382
9257
39777
7367
15205
15205
28970
16246
22789
11149
30800
3532
29147
26409
870
27582
3969
14461
15974
10868
19970
38952
1288
30643
36614
14042
26528
35612
25421
37998
28718
34403
25107
26865
4319
5356
20042
8623
29507
15326
39385
28784
2908
13403
5508
21554
32893
498
39469
4682
22704
14107
35286
11886
10762
1042
9347
17004
38392
23868
21270
38751
10938
28837
21689
37565
31109
9638
10818
186
17692
1679
18241
28003
27415
39126
15166
25772
3556
24908
29428
24031
25229
35154
14844
15027
4626
32709
28121
26131
11187
11367
33825
10655
12404
10038
3002
7744
26771
39154
20696
35109
29497
12061
1002
35861
15033
21728
34555
39422
16396
14097
22806
6092
34528
36679
2831
37591
17224
38368
3786
31742
27603
23078
14967
16510
38055
6977
17114
11009
24207
39192
36454
15351
6766
24561
4347
14526
5404
804
34375
19072
6848
28129
18924
21497
27019
8216
845
17207
3925
36083
14437
5289
867
22559
6162
9519
33137
6156
34080
16323
24718
33163
474
15450
39875
30430
5545
20131
27869
28929
33766
2507
38179
2500
2596
7654
8626
37184
11463
3633
881
13503
39291
15098
19316
20424
18976
13026
702
1698
37302
14982
4350
27500
31456
14702
24260
4046
25820
29944
3630
12582
14814
33398
24485
9591
25488
19962
9428
32760
129
30258
18417
28238
20975
22912
2431
18337
29542
29735
38146
31006
3385
36072
24777
14003
34529
25789
23058
12886
28370
20172
39358
9938
7783
31847
15458
1591
17953
8074
6870
22860
32861
34684
32974
17610
18790
4042
23163
16242
32247
20715
19765
35513
4815
4506
1751
29390
21366
21018
12652
32441
12111
18852
14911
22393
4491
22382
23904
16619
688
7089
5315
14337
31440
23847
9085
36827
2040
10772
19356
15469
30512
28901
37620
39379
16614
22426
17808
16065
23611
33458
1925
16770
38390
12400
709
19245
16072
16388
10780
36471
77
39199
19234
31021
25755
1642
19467
5946
26386
33078
1305
23328
12857
25366
25277
35246
16250
4522
7126
22485
8488
34863
35176
15229
8764
2587
8191
14055
24221
26557
2050
13159
32055
15932
24481
34446
26181
7374
39021
38874
4735
30304
2564
27937
13489
25700
34349
14660
28484
37458
21690
34995
4657
13608
9325
12836
23193
14771
26306
30992
20360
2280
4365
21489
93
1738
29348
10758
37813
38228
33219
31544
3193
11816
494
31058
11794
38064
35148
38999
21004
18491
6083
36989
14945
26748
12888
39960
35749
27408
28785
12463
32167
10762
14635
12331
33829
39703
18724
34974
24284
37773
7873
22029
27484
31568
7459
23604
19117
30530
34190
14732
36663
32187
22777
20259
35397
10579
26442
39348
36336
17163
5082
2942
25611
23818
39337
14026
35706
1996
31186
11424
2964
36585
39533
27442
4148
31002
33954
10057
17218
38132
39361
36299
35368
20300
1745
32669
7303
11334
8777
38295
20272
9081
22900
11503
27986
19430
20440
22944
16618
2001
7329
8425
28250
2619
34956
11204
2414
1353
28921
20263
31614
26130
33661
39554
7186
37771
12420
13938
21902
24492
11660
32483
39518
23483
15978
27016
35090
6503
16220
9405
39346
1813
9848
8254
18053
21337
26307
39287
15332
3445
17364
22799
36649
33287
876
25512
34589
3501
35150
23702
11975
28215
15765
32847
6240
34826
22069
7849
396
1842
22346
30872
39372
33348
27074
6332
11884
22715
4471
4230
38
25770
31142
10196
12298
24656
36035
21665
26989
1763
8560
32633
27935
8613
1149
35638
161
34455
39157
7423
20202
29949
39305
29644
3840
4296
6210
24324
1568
32038
28585
1825
8609
17753
2172
35587
31809
9966
19476
15841
27633
32774
18446
18564
8837
36021
31160
26872
27639
5445
958
7779
34011
31295
1114
18445
10639
9755
35257
6796
28850
12582
33828
17161
30827
38520
13764
2584
23958
30799
1991
35366
587
6828
532
37219
16675
1306
4902
24477
28251
37408
23183
15526
32592
13769
25290
27192
28762
9294
19012
3043
17622
19958
2929
1179
685
10591
6046
20492
24412
14010
7578
11527
26541
5413
10868
16790
30799
33837
6647
34660
403
3181
9451
12327
31710
14222
16945
22069
8681
6146
2902
14996
34537
21493
18800
34893
20800
33518
13761
36387
22975
30128
37949
32878
32612
26956
21138
9802
1882
19131
37752
19818
37507
35802
24369
31125
16008
11220
15657
12322
39403
15328
34831
20721
10797
13537
3566
4137
30392
21652
12754
36653
12983
31917
28864
19465
29341
15739
29576
4340
28582
799
8216
27241
28480
13130
17675
27760
27850
36780
8311
25191
22092
6508
30310
38685
35281
349
10048
39019
15662
5601
35651
33522
27540
19255
215
4213
8897
6355
5193
27069
38263
14282
3037
28380
10736
2780
24350
11185
10334
17257
9319
20592
6946
8473
2103
12277
2303
37824
6978
27319
23523
1676
15538
13080
18486
38116
10872
32904
30887
6034
1631
19439
6130
8897
14406
37950
29976
12072
7249
28341
10242
20310
17934
24129
13554
31429
23994
10212
15533
21520
39633
2157
26234
7177
9439
411
9762
20752
37538
21514
3628
2275
19619
16850
2196
6387
13059
168
26216
2060
16538
38230
707
22011
30847
22709
30386
18704
3847
36509
15291
2256
27964
29476
32743
3290
34625
15338
33877
31249
6894
6052
323
36181
8586
26989
27536
16850
23301
31005
4696
17315
4317
19677
23195
33295
13814
24240
29451
24862
34602
36003
2472
36189
34201
17529
10058
30254
18394
28226
8836
26413
23899
1455
39269
17546
39259
15668
14780
6058
25736
27300
7433
8664
15191
30259
10471
29153
27231
10757
19789
24662
35115
30085
36149
37106
1070
13939
37051
10122
25913
22197
12147
22560
37304
35737
8617
10879
16375
29835
4554
11352
28399
14151
29339
31744
5223
21851
22690
17616
10711
37094
36448
23157
14132
11749
24018
28707
24183
20838
9326
33143
1655
3202
26457
33023
6768
2269
16712
20177
30540
11953
11235
33064
1257
16228
11977
31008
11477
26431
36825
20014
26429
30296
29832
7851
34218
10607
14417
26440
4821
6256
7037
26856
32296
9809
33624
22720
24650
39300
25587
7450
12074
5032
12819
15162
33220
27172
19772
33435
7989
24725
26290
7803
33621
117
36428
33696
22334
28711
13054
8966
31361
26537
33700
12784
22254
8279
5415
8394
36826
14223
13002
24109
13797
5871
27571
39403
2386
17016
37620
7063
33970
15955
19494
4309
2835
15013
10039
10352
17151
29741
26101
8253
30304
17023
2669
7249
28624
34418
7307
38155
33271
28846
34087
8501
29532
20127
26392
33817
12326
20149
14896
36169
16050
14779
18954
36803
2697
20186
33918
38514
8709
30038
22353
18187
36229
2551
31605
38979
22493
20239
18509
3088
5483
22190
16134
27329
20908
2475
26289
21418
20319
4039
25131
10911
38732
23363
28075
26466
13491
35625
24145
36665
39334
7124
7523
38799
1425
6026
5753
11327
28594
313
6711
9462
24538
1927
2199
15777
20703
33914
15247
23327
15805
30845
18967
6305
20090
29859
27732
3190
22934
2429
1776
6676
20237
6845
5591
27878
32190
1746
25752
4753
20943
27990
35771
20957
9972
21976
28871
39189
21146
30304
11083
10371
28723
11797
23580
20696
15046
7396
20959
10930
3501
28232
512
27705
26701
2043
18447
6149
12878
16032
7983
16387
39759
10707
9992
16221
20975
2775
22095
30546
22104
17001
12118
17822
24095
20270
4435
39279
34279
27495
469
18941
24524
25591
39986
28050
789
24091
964
31308
18235
11761
23348
24872
23422
13094
28088
24335
32944
26687
6131
17267
12975
39300
32376
27660
15546
3778
3088
3375
3437
11475
32644
1379
4672
3007
7451
37108
36214
20005
1018
21770
613
18157
11577
17661
18814
32368
39944
11027
14017
15424
22211
11558
24918
21174
7534
29693
29458
1777
38003
28525
36499
35591
11254
22328
3101
2649
11304
15572
35432
32473
21682
10254
25995
28824
11643
2159
13810
66
12176
33146
12212
20744
11378
2992
10268
6484
15497
26577
35941
23157
29906
16585
20727
488
31043
12905
38817
11206
4415
34495
27681
9755
31704
15507
17363
26994
23558
2649
37436
8158
16709
15539
10720
23873
12930
37360
533
38641
16636
10177
36504
23202
26252
27983
16737
7183
27988
36683
26939
24082
11400
12585
13924
38023
5327
16271
8466
1443
5738
24227
27746
5544
28386
22850
38020
23804
20108
4576
32203
2417
34089
5135
33623
30880
7241
1694
9710
18032
32042
26066
25323
37509
36914
12617
21449
3354
12959
15463
14949
6135
16426
262
11571
18326
3015
2409
39531
38908
12661
6230
353
37446
4323
19967
8906
36342
29325
39370
26240
10959
1211
24122
13032
36898
25533
24777
35839
9492
37111
15500
27502
4672
10306
15811
35630
5347
20418
830
1752
33969
38245
13533
17893
17541
24471
37479
11765
37080
28766
21451
13321
34853
13362
17440
10947
13073
4902
14525
35128
12417
29157
15927
12679
15866
2215
3165
39189
25258
28480
8323
11894
34409
17184
28837
25941
20396
29222
30001
27441
5439
32058
4543
17357
32101
2206
27223
36143
24096
15658
37055
25751
35027
25238
27964
8726
18995
38825
36898
8339
18780
25994
28924
12470
30816
3515
32210
18993
21324
39838
8545
10120
28651
13907 19178
1064 2721
20414 22091
8674 16336
26818 27108
32989 37607
20287 23638
20004 25205
10165 16315
20257 23698
32480 38640
35800 41706
29737 33859
32277 37438
29849 30912
13271 20037
39343 45378
30088 33475
38517 41797
27234 34052
35051 38818
16307 16393
26768 27973
2606 8877
3653 11266
3448 5220
16224 20642
30646 34590
21636 28142
19815 21886
15411 20340
32293 36645
13939 15504
13610 16810
20599 26940
27645 31525
25092 27790
32374 36811
25861 28628
38469 41741
39080 45480
8401 13885
20712 22677
17857 25488
3031 4848
778 2490
8635 14710
37468 38733
4746 8389
33867 37933
12120 14988
10970 15266
8513 13712
13237 16667
9238 11418
24719 25885
870 2167
526 5306
18131 18895
15338 16997
20888 28298
33627 33814
29776 36637
13404 14729
24047 26881
38854 44855
1979 2185
38343 42988
8010 9185
12621 16921
17769 18986
30186 31455
24796 28904
31610 36458
4025 9153
10524 18465
1759 2912
39216 41736
3598 6500
13323 20833
12890 18130
36330 38616
32531 39533
30364 37908
27997 35222
33355 38179
39345 44696
24635 26803
3085 4310
21775 28452
39239 45737
14816 15695
20286 25904
22650 29409
31491 33227
15984 18893
26196 28191
8164 8549
31957 38978
32672 33937
9484 11459
25017 32925
29611 36056
8290 12217
32381 35730
26961 33275
34026 37407
21862 26874
9271 16982
25202 26713
24932 27438
18023 23760
28502 32859
13325 14269
34197 41797
36728 41820
4081 8788
3228 6965
19743 23306
12052 14155
8060 10956
7112 12988
15380 22677
6780 7051
6697 6758
16490 22366
561 1116
31565 39000
25199 32639
21263 25123
3781 9665
20758 24740
22941 22951
29791 32742
19015 24930
26645 29391
5238 10371
15781 21238
21812 27462
27422 31600
26005 29883
15672 22549
5808 6740
11016 15464
540 5676
26254 28916
19865 20893
39893 44032
19538 21140
11584 12480
13617 20313
37583 43471
17475 24025
22588 29340
24605 24866
6549 13711
35260 36099
6821 7876
15669 22127
37142 40851
7490 9687
536 2008
39441 41670
4480 12199
14618 16301
38875 38915
6894 8055
2032 8845
4542 11670
11275 14912
22274 27093
14385 22063
22592 23997
245 881
29337 30971
8526 13371
35087 40469
8780 9127
11050 12103
18726 19425
25974 33720
28584 29791
26697 32964
38311 45548
9524 15384
35154 40176
6009 7952
27440 28233
12352 15124
4267 11815
36975 38178
37944 39683
2460 3783
33768 40161
22298 28754
13801 16281
12376 17579
36090 41773
38305 45438
14527 19033
12233 13417
15655 16185
13408 21237
38215 40540
32064 36376
5510 7838
4784 8219
39502 45232
28566 32104
23419 31201
33644 40248
7784 11686
11840 18738
19068 26227
32028 32845
39861 45964
5187 11272
10272 10725
23949 25299
7764 12360
6105 13635
38918 39361
19716 22660
32843 39196
2435 6521
25322 31063
32327 32779
12800 17501
20321 23522
27750 32694
38702 40748
12994 16082
549 2427
7263 9647
29160 31551
37383 43604
34550 38074
19100 23414
38996 43992
25567 31203
11908 13694
32822 32871
24685 26043
9808 12117
30286 30880
36139 43195
38095 44189
755 6068
11336 13745
38470 39548
25329 32898
3763 6144
19297 27268
32238 34734
22315 23811
20650 26647
15675 22476
38971 43586
16593 23095
33944 40586
38673 41960
19453 21338
14366 22035
2380 2716
37827 44134
38826 43981
19803 26262
1593 5546
38779 40830
9794 14991
1925 4865
12732 15456
39602 42789
2167 5419
16668 21971
24040 26118
4008 9157
4062 8829
494 2977
15657 16529
18347 25617
5196 5312
7786 14487
38567 42427
4647 7154
25852 31261
16897 18772
7997 8815
11125 18667
9715 16979
6206 7109
24505 25310
30110 34147
25054 25522
2427 9663
10569 15732
13206 20463
13640 17879
3574 9111
36580 44111
843 2483
3546 8772
35786 37984
28923 31336
38451 38881
13079 18277
13847 14821
5329 8853
38867 43461
17874 23147
4680 5826
30627 34897
19405 24162
24967 31890
19895 20552
10886 12063
17652 20665
32161 34530
15056 17129
10032 10734
30093 36484
3237 4135
36259 43996
26126 27715
8989 15454
18146 19947
17817 20081
22929 23206
25584 27704
27046 32789
37138 41966
16561 22093
21110 26699
8605 16406
27344 34978
13854 21010
26967 34334
19574 23348
29030 36856
27959 30491
20601 25780
28101 31427
6018 11146
6075 12504
14865 15694
34319 36660
27366 34704
6549 9585
27684 29148
4197 6924
24298 25904
5746 11103
20224 22955
4550 9554
9437 9508
4966 11360
27370 30195
17497 22900
38990 40378
30222 32477
29492 31405
194 2412
13507 18879
8989 14821
26070 29049
13790 16857
31585 38444
3845 5213
34303 39863
34671 42465
33881 34116
27498 27996
15765 21333
8508 12539
18316 19243
7394 15271
11735 12363
23241 27640
21167 23277
14194 16945
18864 26077
7180 11251
16263 17951
36758 42817
15719 21825
22879 23355
10241 13026
33494 39181
12544 19094
7706 14591
4774 10770
22394 29618
24537 26220
1873 8047
15793 23656
2112 4055
8021 8314
3592 10510
1594 8856
28247 35036
17501 23180
30878 36363
13787 17884
29192 31715
36982 44440
30901 37548
39172 40948
4007 6253
15883 18533
3565 7269
16829 18241
4525 11718
5566 7790
27571 32016
3967 8207
22902 27003
9589 10076
32225 35184
23346 24264
8276 10164
29232 34975
3466 6237
32310 34914
7664 13861
12440 15126
4700 6025
21773 28184
5009 11548
32628 38273
35867 39707
21604 29374
15004 15418
9518 14066
10067 15760
22411 28282
26444 27156
3303 6285
31941 39179
12492 14261
2652 4908
8935 10565
33027 33238
14323 19576
38812 45478
31486 33813
26319 30239
20810 22718
10490 11369
32001 37089
9339 11253
15233 20773
1408 8549
38627 41195
28337 32507
13039 15712
27567 28339
14112 17450
18718 26108
26853 29265
23296 30886
9716 15592
37200 38565
2881 5966
30852 31852
15576 16812
29573 30176
18123 24990
35312 36717
5398 8465
26021 26295
24745 27341
3968 8158
25257 29024
19774 19823
38573 39104
37246 40347
16913 20513
6781 12042
1534 3441
16763 18824
2631 7447
32856 37111
29887 32789
27942 32431
27431 32718
24598 29548
23352 24083
29516 29776
27694 33636
30086 37288
36840 44209
28334 32568
34328 39997
35668 35917
12094 19839
3940 5368
19087 25067
6047 13123
35515 42835
30427 36871
26466 34147
1051 5401
6530 8498
13598 16830
36584 36593
33589 37289
24136 24913
26922 30546
4404 11326
485 1272
3745 8854
32218 33611
37607 43644
28160 30641
9164 11969
34182 36841
18626 21385
1434 3933
32371 38103
6380 11357
13191 15930
5963 6099
33964 34071
21111 22879
10619 17955
374 6291
30886 38262
34971 40699
7471 10563
2362 2382
685 7052
20737 21328
25120 29912
20674 21531
37354 42053
6813 14235
10292 16063
16664 19837
6995 12835
19865 22847
25657 32334
22734 29535
18382 18477
4654 7730
3279 4607
32410 38859
805 3108
26048 29200
14075 17859
35853 38247
7237 10122
20514 21900
10245 11626
33870 34494
751 1255
11971 19948
12439 19845
3412 10823
9954 15762
35995 40969
28107 30386
25405 27469
39112 41110
10436 17769
8942 15123
14523 16958
12932 12998
27526 33227
17054 20874
32742 34165
15284 18604
16658 24615
30604 33726
12234 18561
9709 17703
34005 35286
5109 8247
35824 41527
39782 41833
23872 29805
6753 13669
35082 42242
30905 38089
17120 24385
14082 20531
19321 23941
26021 27958
28004 32422
28293 34241
38892 42499
31045 33675
31384 35464
19433 25780
37648 42587
23171 26409
14581 20964
5987 7119
33185 35961
7234 13804
27997 31510
1657 9080
13831 21095
31639 33604
16275 17855
38850 46566
24195 27897
1100 2786
31970 32042
37032 41975
9598 13027
39743 43714
27776 29012
16533 24441
25843 30758
39220 41209
25189 32131
33882 39421
39058 42982
36879 43902
553 2199
19609 26800
24389 27801
21035 23287
3726 10449
21616 26624
21625 27290
9206 14652
21746 27637
38783 45943
4838 9149
30180 31658
11249 12655
18912 20833
35299 41556
38145 42075
8612 14205
26567 29812
17833 21426
30644 34568
36802 42979
4533 11704
6953 14687
30826 31767
32927 40672
28725 32327
22218 23443
27536 29780
1213 5229
26849 30505
7918 13424
1077 4153
4757 5102
34281 39201
25396 29074
11341 13661
1140 3538
11819 14925
4746 7797
24264 29135
15251 19882
36929 43539
33655 36816
4215 7099
2500 7820
33916 34855
15808 21277
21036 22042
6582 8227
28236 35229
33083 33870
22428 26879
5249 12923
6469 8380
15548 18749
1315 2783
39933 43359
11108 14500
4814 5282
26659 34487
14628 16540
4410 4750
19119 21834
33203 39934
17669 23409
37009 39493
1468 8934
34633 36483
27750 32239
28628 34751
15209 17757
35017 36264
15386 17119
38823 40113
35366 42063
25786 30971
12038 14706
20486 25762
21659 22517
38566 40983
33187 34646
11800 19376
6854 9963
25839 27267
9090 15156
1450 7614
6051 12339
10532 16051
5029 7496
36274 37752
10939 11759
27843 27938
30702 35901
3645 6826
17565 22278
34185 38932
36829 43485
16168 21148
20993 27712
14870 17191
8618 16422
10391 16646
15607 21425
4304 7696
4761 9028
21200 25982
33853 41818
3729 8703
26396 32878
25323 25783
12069 19388
16975 23644
9400 15655
24522 28368
6615 7115
17654 19611
9765 12726
23739 31185
35741 43137
26975 34594
12267 15801
27272 29088
10206 10360
23652 26037
38894 45776
15288 18769
10294 17196
15230 21114
13314 18680
4221 11251
16699 21574
39397 46457
21087 23952
16687 22983
20731 24266
3427 9940
2033 9580
17122 24473
5533 5962
9217 14522
38415 41334
4687 11715
1255 5188
838 1196
19220 25888
20574 23783
26445 32997
5790 11964
4065 11929
39326 47322
18164 20570
39722 42585
7093 14432
3198 8865
17463 24644
6920 14169
35556 38635
13630 13776
28427 28670
35043 37037
13652 15780
16600 18844
11986 13158
23952 24429
27197 27327
20606 27968
22349 26970
36640 36822
3816 9130
17699 21019
7308 13207
9617 10957
31058 37388
15938 19645
33946 38429
14918 22574
38762 44456
29460 31858
17643 20821
27451 34273
15939 19013
26455 31061
6184 11869
13934 20928
25923 26059
13484 13584
11260 13910
33950 35286
32248 39439
10018 17049
18012 23520
16098 21342
13762 19501
13405 20542
25082 28207
24827 28531
34884 39963
39939 42490
14946 15722
20213 21959
11584 11729
12018 20011
39916 42165
5528 7200
8114 11841
31487 33609
26693 28297
27211 33443
17034 24709
7329 9996
27597 32970
5836 7823
23086 27145
2186 5717
21145 25954
37308 45106
8516 11152
31790 36141
17918 22932
32406 36535
4681 7874
12039 16401
13640 20730
26523 33502
20075 25311
26545 30379
5757 10819
35316 41653
19480 27323
37624 42337
26405 31033
18089 18996
38678 41870
16653 20752
2039 4236
37997 41348
2107 3502
33127 36858
29508 32921
31327 34753
10063 15742
3783 4961
13544 13698
5487 9153
745 3287
29838 37096
27803 29012
8215 9888
34783 40926
11486 15229
34669 41158
14206 20233
12795 14437
21092 22707
16780 22865
16788 19628
38967 42434
6175 6639
24019 29252
13185 19309
39771 46669
38091 39738
3760 6619
15562 21153
34926 38986
32223 39392
26667 29612
25797 26451
14067 21879
39640 46408
34374 35693
28277 35064
1264 2751
35896 36726
19218 25734
18415 19930
38732 42932
27970 35727
19952 20138
13205 15522
30887 32071
16977 17784
22520 24421
7710 11497
16174 22095
16144 23469
31017 31409
6873 14473
8134 15689
22838 23882
15066 16588
15196 19469
3787 10891
34736 35496
25426 33119
12467 18344
7374 15367
10983 17637
3288 7756
1981 9905
18181 18668
7510 12244
20959 26343
124 1056
17718 25129
1858 5420
39602 46839
6543 8102
17602 17777
24328 24967
34521 39090
5786 6369
26360 27910
29053 29808
17638 22369
16057 19159
35616 40710
29184 32978
35997 40199
21832 27531
9790 16980
9086 10423
11932 18559
1627 2632
31958 36626
35005 37128
10042 11918
31213 38164
16487 20203
32162 39455
30001 31272
38461 38913
407 7423
23749 25606
14146 17073
24786 29927
22427 24448
16094 21491
20595 26422
18497 20494
3280 3766
12819 14783
36027 37985
24600 26872
6222 8578
31412 33688
13388 18384
26528 33850
10512 13603
32065 34259
14816 16770
29375 33904
7928 10947
2444 7366
33067 36461
12657 14788
4199 10093
35895 42725
1997 5982
24889 25428
4922 11397
27276 33349
30986 37754
15689 22529
32478 36988
1442 5039
13255 20400
31224 31842
17750 20256
4082 5750
24673 25778
8116 15368
39760 41463
20183 20924
4315 12108
36473 38205
16947 20487
1028 2877
38038 42162
26400 32845
18915 21699
10091 10950
38619 43895
17147 24396
11322 14062
31020 37246
35992 42218
3188 8160
37472 45397
22147 26650
18125 24371
24451 27614
22367 22659
4478 11831
11388 16518
17917 19455
39630 45502
1787 8295
15233 21484
27798 35121
20068 21882
13332 14242
7885 10549
31892 31911
5507 11141
38592 44888
8927 14256
23915 24304
20961 22876
2365 7262
11774 15886
1600 5572
37027 39724
16530 20315
5140 8140
29935 37031
19226 20129
32933 37551
32999 35269
6230 6702
26115 27860
38105 42809
4526 8246
35113 37270
20226 25403
37243 43279
886 8656
22457 29695
34631 37425
37574 44623
12035 17293
21255 24863
18000 22957
6442 12103
28258 35170
12045 16355
4812 7320
16479 17346
22481 28724
7007 13717
9079 13580
1940 8391
17808 18605
2977 9353
26685 29121
766 7519
8883 12647
36211 37145
23655 23736
23078 23229
12789 15255
6447 9976
37639 39431
3220 5428
12091 17307
38492 39173
17140 19394
24893 29054
30932 31904
10084 15377
23016 25134
5893 6435
34070 39740
35462 39923
1764 2043
17059 18379
3750 7723
29012 31177
23537 27351
23060 23794
9431 17211
16911 21536
27086 28233
9174 11965
5379 8481
34686 38914
18714 21674
28796 31253
17413 19086
20053 27960
13161 14863
28425 36079
18001 18876
17718 18053
29195 30157
22583 22891
37502 40769
26577 34055
11635 17877
31173 31347
12280 14202
23727 27201
21163 28938
12927 17969
36196 40176
17881 22511
10987 14624
33952 36366
12965 17432
36828 38433
18779 21455
10747 11608
1555 4513
8295 8550
32466 34809
8671 9585
22101 26770
19551 22341
5246 6185
30774 33549
16880 20081
35011 38169
3914 4169
28023 32317
30922 37574
31269 36858
10649 16852
6591 13585
37342 41080
33921 38391
34508 40494
30082 30452
5852 9086
38023 38789
10968 15799
37759 42592
22258 25865
7452 14269
15020 16035
36228 42301
13930 21091
28551 34575
2181 9297
34592 37721
6101 12466
27758 32562
8754 9023
16454 21625
20081 27528
31612 36956
16104 23519
39616 40341
1819 4841
18960 21614
18690 21076
20857 24153
30593 30729
4944 5565
1019 5638
38130 42706
35776 42975
6596 9362
9025 11717
38144 43997
37436 43974
25473 32910
21113 26287
4950 9633
33785 38558
9860 15825
37022 43216
6712 12885
17223 18181
36126 36431
30825 31528
4119 4217
11125 17727
21894 24043
36218 42684
27847 32470
10118 15067
3461 3502
36445 42870
17703 23525
7397 9365
11434 14599
10086 13796
17751 21216
2720 8986
947 4975
15731 16960
30642 31472
34282 35265
9644 14975
24705 25901
8411 14776
21129 28186
8515 9051
4634 11463
36820 38129
31166 39042
39050 45609
9675 10841
21238 26113
17971 20227
18524 21241
17020 21194
34733 36473
1992 3522
14082 15009
16449 22914
2164 3537
3492 8741
22023 26934
24029 24248
25727 29129
1496 2231
12949 16386
14583 20866
18657 18662
32976 34318
39183 43491
36857 41186
24586 31144
16448 20814
30661 34202
24427 31251
4212 8042
39519 42427
13882 14602
3580 10527
11054 17243
18516 24785
13596 17855
681 923
8725 10011
37203 38442
18791 19559
10682 10798
5204 10215
19205 21975
22891 25346
35903 36799
35603 40192
22431 25054
6768 14456
6831 8794
9458 10204
8244 10121
7222 11226
3697 6201
31201 37753
31563 33703
14048 20692
26364 32529
29913 31781
15631 16461
38942 40715
16803 23768
15873 19044
19515 22085
38340 43844
35688 43298
7688 8047
12692 16141
37385 41269
4942 11761
33612 38921
27478 28515
3094 7875
15122 20871
1990 4247
16845 18428
37354 38275
14721 18630
19269 21607
5578 11466
22431 28711
14732 21547
36333 40407
35855 41540
21448 28313
35081 41594
22501 24202
15472 18274
7918 10528
16183 18099
35391 39340
23304 23939
2463 8402
39082 42715
2503 5202
30590 32475
14697 15347
8434 10382
36172 37244
39398 41815
13295 18656
24169 26597
19253 19758
20279 27144
6143 8993
34346 38494
27888 33792
8917 14191
21226 24383
2362 8086
37662 41530
32071 36937
19831 26316
20721 27828
38847 39356
19706 26038
2856 6809
29115 31032
13301 16738
15042 19338
36293 38775
11272 11573
29124 36349
28496 34569
24765 25705
1695 8637
33504 39461
15316 23109
22720 29946
17882 18752
23534 27074
21743 21985
1832 4568
36130 42234
29004 36601
24607 25483
11472 12494
36489 38219
27975 35303
18049 23967
14404 19391
12777 19203
30916 35884
30927 36622
21887 22621
28303 29614
23820 26567
8127 12531
11498 12010
24032 25045
735 2408
957 2015
19339 27115
26877 32587
3439 10131
5746 11195
38425 40198
3474 10969
33908 35764
29923 35863
16835 19193
34285 37958
31009 37992
13927 19317
33567 34215
17057 19230
35532 39772
34789 37600
2299 9850
20377 22552
21294 21372
29202 33891
4832 6246
5690 10657
6608 10953
7582 14248
2004 9535
10063 13344
38963 39034
15666 20684
35362 42637
8416 15588
30561 33135
37581 41815
27191 31823
6734 8970
18849 22075
1804 5613
4760 12212
26460 28191
39531 42360
4315 10808
16279 19652
94 1014
22563 28722
1701 6657
1402 4394
1127 8067
29145 30710
28968 32444
37843 43979
38383 45614
26319 30090
33478 41037
23094 24852
15010 19296
31873 38527
29556 34548
21380 23741
30757 30986
6221 6353
28675 35504
6127 12598
1724 2815
24564 29946
39355 44339
31500 32235
14715 20332
31361 37653
130 1938
31147 36483
24285 30583
22508 26222
28354 29145
12602 14589
21652 27479
7870 14715
30679 30697
13587 14273
32083 38085
5513 8597
35260 37668
5203 9701
34981 39907
39138 43861
26681 34461
17257 25024
23653 28787
16747 17740
5188 12318
5721 8762
31823 31846
30592 31154
25503 26005
14391 19312
25308 25737
24621 29017
30513 33829
17762 17890
16358 21308
22857 26135
23777 25813
4792 7637
28923 30840
36917 40041
34934 36624
36637 38980
32858 32978
8378 14164
35766 38164
1206 3475
26025 29611
19168 20659
8634 13446
15027 20350
1027 3478
13984 15470
6562 8433
37970 43206
24773 28718
19884 21940
32177 35032
6480 10237
13193 16593
27519 32345
7046 15042
2893 10445
23411 28461
6847 14151
24176 30911
2816 5950
5070 7602
36153 37183
5483 6068
10290 12804
30276 34155
36055 36546
28790 36095
17666 18678
14064 19074
460 7099
23482 28095
106 4604
1091 1526
31845 34071
21068 23683
3615 3620
29833 30431
25225 32858
29539 31955
10387 18129
36965 41496
14224 14866
18955 21077
24487 31077
7297 10286
29818 37444
36492 44192
20653 24389
21764 25472
6173 11263
5879 10247
25669 29618
26291 33862
7056 10979
26825 32857
1274 4625
6588 9771
39036 39215
9447 15747
39972 41861
33970 37814
14149 18349
23352 25455
5033 6100
74 1598
24273 30728
12464 18774
10850 18276
23540 27857
31820 31943
25765 33360
8980 11216
16155 16447
37040 44924
16187 21125
6422 6557
36956 40571
27998 28021
36029 43732
4182 10768
14762 15931
2594 9836
29339 34474
14431 15501
23856 29366
32233 39889
13917 21858
19776 21103
37278 40362
17956 25608
29484 30013
801 5999
39495 41935
36617 42423
29098 35949
1167 6317
18061 24139
14786 14860
8843 10337
32155 34416
835 7694
38173 41157
34500 36237
6657 12102
14396 15848
7189 13041
29595 36781
5205 9693
38761 38820
2235 7281
37358 44525
14931 16418
21551 22743
6681 11821
12892 20644
28780 29517
10908 14289
11014 11056
1717 9287
32228 37185
24947 32311
17072 23238
33683 38355
8731 14886
29307 32925
17115 24240
6017 13617
2972 7277
3539 11171
19879 19989
24812 26442
11449 12363
39949 42721
38698 40308
1342 8562
23828 28066
2421 4626
15910 20783
30249 37009
13865 15524
14644 22181
30265 33869
36391 39101
10959 12845
21003 26355
5307 7959
13496 15656
17916 24201
13938 17758
5350 5900
30491 31442
11979 18671
1106 1635
26896 29499
4721 5220
9241 17013
5055 5660
13402 20642
26821 31037
36217 40318
31690 38863
34798 39111
34057 35759
37930 38969
20655 21101
5375 12742
20921 28199
24491 28145
17976 25471
27971 35616
36158 39907
35123 38308
39841 46229
1511 4744
31680 37955
5745 8745
12313 19210
558 5711
32646 39703
10808 11213
1726 2826
26144 30047
636 3358
11614 19359
22565 29157
15676 20782
3880 6465
17313 19802
11256 11867
38234 39020
10979 12700
37622 43433
21224 25878
2006 9398
4006 12000
32888 33403
30446 31568
31046 33881
29432 36409
37655 40373
8133 13250
35622 41299
18980 24495
28984 32250
20751 21210
28338 33867
5786 7693
24633 32005
11333 18205
4464 5657
30821 33013
31402 38648
13156 19093
20054 23597
35136 40355
38450 40566
296 3514
31065 31411
30059 36373
5033 10126
22451 29508
3519 3794
1438 5486
21409 28366
17741 22864
1677 5588
27640 32607
19420 21285
10627 16967
910 2804
14111 21108
11109 11786
31576 39361
35382 41844
18460 23483
17873 23880
12151 13710
30636 35930
12574 16370
14062 16708
26754 31534
2949 4246
16753 22749
27041 30634
28374 32545
29174 29893
30997 33879
15180 17436
34855 36082
7534 11270
487 5330
38210 45625
14213 21411
29615 33969
39527 41704
163 6311
33802 34473
4362 8452
31893 37162
32325 34245
35872 41337
24964 25177
28444 28500
22376 28903
23421 30507
36894 40128
220 6757
39375 39390
22664 26150
5270 5958
2821 7450
5287 6492
22232 27142
30254 31775
5979 13126
2943 8611
6072 8000
14604 15231
1241 3352
31791 36203
1284 5903
13245 18033
11692 13334
24662 25904
23001 23605
8523 9014
29780 32601
35504 36383
6238 13565
2652 5859
7915 13966
38044 43581
32273 34078
18678 22454
18877 21770
25135 25533
8208 15653
22484 23837
7332 7500
20091 24697
35546 37076
25333 26594
13031 17842
23259 29720
23735 30833
5901 8225
22580 25943
32684 37765
27512 27912
25785 31807
23202 24087
23591 24263
26546 32615
9038 15244
32739 34545
16868 20545
19142 23758
10741 13718
26858 30725
3472 4953
9571 16146
9917 12297
9868 17101
389 5025
9586 16801
776 3913
24613 32261
27118 34928
26432 31561
32683 40250
30070 37898
9676 13194
27157 31264
2679 5861
16757 20844
28211 29770
23884 30529
22516 23569
30999 34488
35623 40070
9680 12665
17871 19325
31182 33467
9051 11936
2439 8071
25341 26908
30023 36203
27010 31908
29078 31807
27361 28339
7026 12042
2615 3662
24342 26626
18349 18554
21984 26494
28687 33505
6632 13811
30927 37831
2895 5774
620 1021
3558 8517
20542 26725
39325 41713
11251 14115
10531 15467
38918 43517
36394 38343
5858 12346
14509 17425
25053 26266
406 8068
5774 12792
12299 13717
23561 30700
36486 41985
21094 22631
6048 9945
15905 17694
28548 36169
18994 20871
30744 33517
17247 18907
12660 19121
39802 46058
29294 32316
37582 45068
19419 20539
23444 25985
15076 15594
39509 43863
10949 12193
21626 21730
574 1069
8911 15079
2823 8482
31981 37227
19784 20079
19530 22026
14682 21173
28189 34084
13268 20115
13807 18439
4646 7626
36782 42226
19928 23919
15451 23060
1464 3232
6463 10692
21082 28141
27731 34763
29380 31009
33426 38743
22206 23872
10123 11531
35797 35951
15869 21583
35445 42529
29614 35278
38746 43489
6312 11393
24959 25306
39518 44733
4876 5115
9758 11558
8543 14621
4579 6611
16432 20360
27034 27629
29578 33751
33303 37749
35389 40338
3973 11274
18605 24624
27894 34287
29884 30447
18054 21917
17835 19062
22310 29906
26244 29355
22732 30219
26333 27203
2671 5782
11017 15938
10115 15215
6843 7391
18651 24384
37315 42056
5922 9820
25143 26859
24242 28923
38547 40032
2023 6183
24178 26083
11881 17103
7869 10232
37041 37507
38823 40393
14070 16798
13397 16080
18282 23309
26801 26865
8027 9228
21157 28381
21218 21628
17460 24133
25391 29520
10568 15462
17389 25174
30428 38388
12892 17299
33347 37300
20651 26326
10762 11169
22750 30674
10777 14120
7156 8247
15253 20459
6333 7907
5400 6108
11752 16748
7586 12277
37795 43323
26146 28965
37216 39785
12566 20140
11409 14724
33922 37473
4098 4545
38124 43610
4025 9164
12515 14036
28403 33969
12020 19297
28506 29618
39938 43641
3572 11508
10509 16320
38184 42853
26160 33182
26467 29279
44 2304
10960 17443
26225 32405
60 4216
12609 18120
4439 5126
36158 38892
3447 8836
28474 30592
31448 39396
1598 7339
25489 30727
26343 27035
16522 23660
8995 11136
39088 44445
25428 26799
8954 9545
16636 21424
38936 45711
26348 31923
14876 22321
6878 12840
38469 39079
18218 19730
28807 31561
32978 38377
33118 34803
3491 9201
15190 21284
21056 25851
27667 32234
13140 20264
6038 11439
25672 32332
39979 41977
15306 20095
22342 26742
13199 20247
37927 41154
34085 38239
34641 40204
816 8526
31121 32019
30496 35905
23393 30915
26681 29346
14373 15208
24124 25593
17459 17713
5660 6581
3049 7980
37723 41698
2186 5213
25524 33028
18752 25828
11751 16692
5991 11251
4026 7372
16 440
36444 37087
35007 38379
8267 10517
33994 38484
35934 39372
14612 21452
1702 8753
35520 42240
13053 18891
21240 28002
15112 20839
17554 24260
8056 15569
13147 19778
23422 25455
3979 7791
33884 33924
33081 39134
24791 25317
16446 23542
2493 9446
21810 27698
32470 35861
29002 34072
21191 24797
9528 14436
21991 22042
17503 22968
27891 32458
39810 45652
2466 5737
2575 5805
30235 38079
26138 27653
734 843
36178 39583
37914 39435
19885 21151
15274 22083
22212 29608
7198 13850
12882 15993
3608 5378
2379 5988
5522 11159
14876 20886
11323 17910
21533 26382
22675 26379
14568 16540
22799 27988
20760 25661
6053 7147
8630 13521
923 6170
13461 16339
3917 8111
27956 33215
9377 14357
14055 21072
37247 37742
32597 37000
27491 30111
17467 25349
6819 9999
33107 36842
1876 3535
27600 35078
5143 6019
19285 19777
7893 10437
11690 13530
20131 23250
38977 41118
19833 24184
2538 3979
39095 41690
11743 12148
1664 8687
13213 19005
33627 38648
38068 42622
11797 12397
10846 13350
26685 29278
23852 25616
15788 22581
8425 10131
6931 12691
32633 40477
28717 32032
37362 41431
37025 39521
39619 40461
14722 20768
5667 10504
32862 39126
1564 5053
26501 30933
31774 35851
7538 15247
14561 22197
53 6882
14728 22109
29904 31631
28387 31848
553 6312
12024 19511
36116 36551
4823 9808
24205 30807
38116 43327
27941 32489
34462 39122
13720 21677
14069 19106
20613 27785
2163 3663
32290 36723
35076 40681
19851 26552
19473 19627
23667 29301
25458 32270
12831 20721
35733 41278
24068 31915
24672 28487
27227 28731
20150 26500
1554 7864
14697 17083
39908 41953
18186 24456
16152 18583
35956 36020
7919 13080
20098 25611
15280 20453
13316 20300
34719 37519
37243 44649
5099 10799
2161 7008
14364 16876
37339 43847
23727 24594
39402 40666
39159 40318
34358 39498
17265 18692
34365 41757
24702 30028
27480 33378
28736 36666
17497 23618
12791 20236
718 8714
10011 15876
34193 37341
6896 11761
34861 35881
18160 23420
1700 1882
39225 41040
23850 30144
27039 31740
39195 42670
1472 2249
10538 12994
6284 7642
32763 38231
5841 9064
24325 26389
34739 42021
36429 38543
15153 17303
18828 19885
30752 31748
5073 9787
13172 19861
22040 26986
13785 19266
4810 10849
37981 41434
20260 24466
33209 37433
36486 38849
1792 7821
9177 10767
25080 28320
12379 15971
10444 10474
35456 43046
24042 31878
6667 14123
21091 21482
33170 33868
35047 42814
7528 11752
8990 12946
2235 3359
6032 7872
3202 7436
6931 10175
31989 37737
17603 20706
32485 33870
10142 17587
21604 22053
20172 26776
29291 32082
23293 29995
31427 38400
10700 18240
6660 8606
12453 16761
29844 37434
3855 7678
12448 12580
8599 13691
21734 24464
29512 33467
32494 36537
4628 8597
35508 38373
18531 19729
21064 27878
19672 23349
19988 20024
26685 34458
36264 37582
24259 30561
36656 37636
4623 6182
21457 21621
14749 16238
10311 16485
13124 13293
7719 14836
35195 35671
30185 31518
38185 39903
38163 46157
30072 31037
11984 16878
33642 37678
16052 20275
15576 22460
25776 27268
29923 33712
10562 17788
2815 5707
36633 43337
18380 22719
8881 15479
33152 38967
32101 33600
1884 5130
27662 29872
35489 43273
15740 19107
23809 30097
32612 37134
2980 9361
29202 34630
34587 40784
17971 20116
33884 37895
30029 35164
13077 18760
33985 34966
16688 22208
7144 15088
17207 19985
1157 1774
19389 20226
31403 36945
27739 34196
9839 12702
34857 34871
37630 44462
19290 25254
30215 35706
31825 38938
24207 26870
7027 12670
33098 36181
7704 14821
18069 18499
18704 26343
20305 24801
24864 30882
31726 34191
24525 29816
21562 22100
25105 29811
17099 18968
10789 14801
1153 2488
13429 14957
24545 25765
15525 21527
20564 24817
1435 4971
39137 40267
2539 9415
25480 29736
32511 40013
25664 33019
27660 32654
33538 38835
16002 23472
39373 41568
29375 32855
11184 13587
11735 11912
25638 29742
30683 34428
39074 43389
19791 21166
13361 19244
7356 7632
8155 8901
37699 44759
15997 17285
2402 8381
7128 9525
37792 38566
3487 3918
38934 39708
10708 13907
25876 33803
7407 8272
16070 19108
37694 41642
31160 33466
26448 31934
20367 24816
9004 10509
3453 8660
23298 27802
32073 36879
14191 16400
32044 35598
28310 33525
23255 23464
9812 15823
34631 41384
38099 44148
39129 39201
24326 30572
16219 23497
3565 9059
29438 35411
10326 17649
10947 18143
16271 22147
6583 8250
16362 20277
16001 20236
36593 36821
37731 45406
22474 25363
18009 18118
16700 16868
16313 16960
39287 47038
19455 25185
6200 8535
9796 10272
2512 5905
20773 22006
39919 41139
20421 27222
25046 31312
14414 16971
35128 37062
24274 31216
9498 13253
12729 18695
29022 35293
36813 43886
36936 40504
8144 11990
5635 7157
5394 8659
23455 31262
588 3352
14417 14522
2590 9443
12995 18937
4081 4389
17220 24304
12459 13539
11476 13314
7660 10832
6816 12862
38202 44229
38214 45956
20843 25429
15008 20768
29296 35116
20260 20580
4676 11351
31485 36115
6766 6982
18257 23719
4396 8803
35690 43272
39260 40827
36388 43460
22057 26311
2196 2556
23885 24309
9675 16006
28604 33246
25336 28596
13683 16586
31673 33632
29673 35249
29111 31599
1823 7759
29848 30611
11376 16564
15140 22885
31559 38710
23750 24869
28146 28309
24778 24850
16838 22258
37551 37639
31979 39243
26917 32525
29792 29922
16441 22116
4960 8626
4131 10818
27354 31535
29023 30842
11770 18144
15935 16445
11385 15015
34519 35945
38879 41631
38873 39813
26245 32301
2689 9125
36354 41205
13273 18083
33274 33324
34432 42253
14883 19298
21002 24911
36672 43434
21221 21520
20216 22822
35727 42986
6759 9914
18448 24635
3023 5235
11323 19053
12032 15841
30236 38078
1861 5264
16841 18858
15191 19445
38070 39911
39640 44516
31585 33452
12770 17919
26407 30746
21666 28807
