7000 5000
23244
12584
30691
27809
49201
1507
5512
44267
37326
39612
16595
6106
40444
39
47096
2767
13791
47620
23323
38844
22062
25790
42845
37063
7613
20036
32499
37474
18720
34555
6638
34011
42507
49410
19384
49151
20846
26815
19880
30742
46565
36035
26753
24398
29830
2268
37760
47410
37496
17060
3739
30692
27020
3936
26493
35100
37952
2491
37221
3619
21844
6583
5514
32304
33534
14809
13042
16346
6508
47243
17729
37269
7086
43564
17096
21237
17167
10828
24784
15368
2088
1722
33758
35419
23881
27606
29421
34104
9937
18649
9197
23537
24704
27816
43781
2386
18443
20686
46534
44275
484
29283
8867
45198
29924
19562
30061
44038
36512
24895
36916
26005
38984
35603
5486
33398
1905
28890
2973
29296
38387
43652
24448
2675
37686
43061
20170
29604
46813
47768
36239
33776
30374
12243
49088
28778
10648
47001
40605
39883
43891
17608
29867
25459
3848
2939
21124
29159
38456
33559
16076
43296
15175
14704
27838
41186
40221
22631
2060
29143
11106
9574
14027
18286
6330
20872
8034
37614
42589
33687
39654
43923
7977
38251
24024
11141
21365
19756
23283
26726
18445
7569
6438
42486
1783
11187
25928
34663
44739
36507
16625
39990
21714
27903
25741
23897
8878
1998
31077
24751
20373
34638
29998
6778
24718
1885
1271
5374
19690
13802
40810
43144
12616
28627
39222
17934
46010
37867
46790
24588
23633
40164
37686
17046
3260
37678
29940
13280
918
31681
644
28416
12933
42093
25843
17516
13976
21470
28010
28526
26449
21866
47905
30164
23138
18019
681
1366
41849
39057
30361
48290
36455
32895
46028
31276
30817
16858
15332
47056
8147
16069
1365
40963
43651
22138
3959
34862
11398
34255
17253
45402
48150
32758
35625
41627
5272
23748
17973
13004
2502
3985
11353
45387
35263
20095
299
28046
1616
30495
39432
48947
14191
25926
42549
36664
1002
5200
40817
48095
13358
9564
16503
40355
29613
1470
26977
37052
10744
9283
21129
8885
14746
36905
29641
2513
2536
16882
29557
5026
20321
18983
12170
38200
11925
24189
44
19803
8086
26388
27779
37456
28962
43285
41176
312
14683
16589
40130
23382
3966
19231
47638
19499
45989
1403
36455
8301
19343
14147
38992
19188
8507
3892
4386
18647
35968
6434
31964
44996
24120
2590
44350
7204
16582
10577
39225
48262
15862
14246
42173
2826
18460
8949
26263
26427
25701
22461
36220
17390
38582
25596
18165
18991
36701
6059
56
48808
37261
47450
18265
12714
5548
1039
14932
14482
16079
15105
29412
11371
36492
16426
19507
13252
17903
49951
2077
7073
19293
44276
24342
37729
44712
38704
19460
13263
25877
30877
30878
19453
46952
22409
14998
33882
13101
26172
42231
6687
45074
33664
41735
5463
36427
1297
1408
13883
8701
24808
37847
26914
37864
1969
9080
28014
49523
10663
27358
5061
42568
24344
22102
21908
25144
10621
17745
12999
26562
42452
11540
9669
30084
47924
31774
32781
14209
9703
11769
34744
21026
48329
44017
6982
7971
36284
38779
26525
18244
38085
4762
44305
15428
348
23478
8543
25880
2314
35824
9545
37911
5144
37598
17898
5909
4465
16187
6506
48343
48358
48366
28103
37423
47527
42201
47194
10264
12225
5591
33657
45444
16726
36546
8662
23755
36219
16671
3999
30345
6940
8074
9881
36812
30134
11455
43789
15399
16594
44939
11030
9949
29503
39298
20391
1839
19730
17229
6575
8146
29134
22284
24860
16429
15571
42111
26659
49735
35017
30412
5405
3065
44
17668
45560
6484
42724
36466
38656
12659
11454
25902
32343
46239
4452
26636
33739
25646
5240
32384
22848
3170
21076
41281
266
18122
26642
45206
29112
40504
27258
46829
37525
30036
31796
31805
38634
43554
17232
42968
22164
45089
5249
24327
9859
17608
6123
14397
14846
43751
30608
9995
49694
46813
30696
10637
24781
29701
4485
2754
26649
34135
19953
2512
33795
30602
10002
14051
35374
21965
11738
20203
35268
48941
3675
19466
20956
25077
39917
16114
842
42808
1906
6570
28574
11678
16674
36837
5420
48092
24334
3248
38094
23250
24543
36900
37537
9038
14068
3060
30670
29735
47085
38666
27809
48950
16464
42480
40497
16098
41325
6651
10096
16131
26245
1857
29525
34707
49853
46088
7075
2476
47345
34382
46316
6461
12163
21817
48800
43671
21437
29794
42191
48697
18323
9689
27192
3473
37181
33376
46210
27725
35771
16812
18510
6151
9194
27138
26129
1855
41119
39043
29147
229
35068
29582
24058
33016
8094
12305
20943
6120
1644
11719
37637
30765
8712
20547
31114
29822
17055
27864
15000
9979
34142
11746
40998
18520
29817
43340
47348
20513
33720
8465
45676
34944
35357
47712
20637
974
5471
1109
26564
14736
17225
24152
41703
46534
37469
39782
36952
25873
32118
48213
13264
45412
35616
31532
28193
26903
8590
3
37926
13517
49061
34615
42451
6916
40138
4677
47094
42341
21813
21869
47435
7882
15686
25506
1760
18831
28742
10897
49687
42623
43237
24245
47256
35479
19306
25061
30780
39261
23382
32071
31938
37637
33534
47935
1670
11668
29153
19832
27117
9820
49345
47004
11960
47220
12958
38506
48575
32947
35657
3805
4294
45499
48760
15244
6167
30685
25073
7502
36634
27823
45929
25167
23492
49450
3554
1607
12613
27423
108
38427
138
33620
46239
40426
10891
28661
32381
39660
43319
31004
27941
40356
33429
35125
43371
6134
25213
1786
31568
14096
3232
3333
10940
31216
22709
3689
14445
39071
48525
23443
47312
19172
49097
26305
16963
15225
28406
29651
24125
21379
15950
37330
18944
36461
1259
32586
8347
27330
22948
48895
28691
37437
22006
21476
10818
19435
42223
39788
35565
8682
42053
33186
41352
25853
27834
43349
49218
9022
19289
20327
2650
2746
34850
1398
26185
32821
18460
44793
11859
26198
32498
22873
29885
2861
46824
6578
1739
33209
23547
44483
2779
22453
28023
49145
48640
422
17256
21644
32541
25783
30810
29386
31734
31228
48964
34515
23034
31347
31470
40016
18250
36077
12239
15708
3362
29827
35740
3222
28238
32571
10318
2375
2639
35412
37199
44886
30068
39396
7294
19224
11276
43667
20369
17339
23401
42616
30291
4146
49310
37483
8174
20182
15742
24017
7430
30712
38985
28125
17647
42968
957
2259
19634
34242
21268
22544
32965
19827
23562
18380
19021
16094
44891
26204
3587
8784
49138
20688
48330
9159
17898
37895
27430
30359
26189
5186
4963
24131
47908
30366
21238
1830
6711
43710
29357
1175
12595
44172
7554
30210
45731
28547
11810
6444
10356
14783
21769
411
2203
5858
5710
17514
20778
29890
18541
27775
28912
272
25641
49152
473
337
14320
14985
4768
11135
6700
42024
42347
1519
18995
3485
49888
42173
8514
9367
20906
7475
37619
15712
48990
12217
10939
41316
19366
19450
29472
40555
33447
15340
33450
1713
42804
5558
18108
28015
17574
27997
12145
42715
19008
8790
45067
41281
27551
49993
97
17012
11583
16859
11018
36001
6252
42647
41107
1833
701
37801
29212
9013
8922
42426
2577
6821
28810
44520
49638
34165
30989
17386
8378
20083
33051
20294
32370
32980
12105
4090
49978
43456
38712
4409
18701
15007
14442
3171
32090
25084
8716
4858
13402
21831
13024
12078
49261
48863
29553
23107
7203
33741
5489
20412
33184
47478
17459
27910
1288
17003
15082
30079
6356
38498
19454
5134
32973
2139
38291
10605
26802
15270
34972
6209
17541
9432
48506
46407
39041
49937
11315
12923
15730
22604
2375
15273
41473
23042
41663
19266
8479
34613
12741
12093
48869
29702
37659
1376
6340
27689
27448
7976
13921
21470
36232
33562
6959
39305
36463
1176
4104
48256
33896
26663
46984
49142
10533
48739
33198
43967
24803
14697
32009
984
30193
24841
30394
27949
22480
32226
15411
39274
20182
5021
33871
47851
7787
42989
20809
11498
11241
47495
29470
40486
23935
40967
43030
7776
15331
32009
12487
35764
33258
9753
18141
206
9630
22527
30472
28839
11323
17277
43972
5933
33639
28738
22535
49764
7802
29925
35341
19375
21469
33945
6419
35986
45716
4156
44717
28899
5523
19704
49635
49121
40123
18298
22662
489
15850
27960
1775
9764
10580
23689
47676
14755
16329
21603
17843
20386
5821
20425
43972
34936
19558
26152
38687
28583
6120
18753
43100
6666
19931
5318
47807
40177
13787
20991
5485
48096
39246
996
21492
22543
16142
38258
42212
9116
34342
49597
9935
11991
36794
8080
33811
15852
43100
43952
25247
15070
14958
39229
36467
17545
683
15873
32944
43476
49689
27772
12922
7794
22447
30666
40179
42232
33600
43126
33922
30224
7699
1058
13436
1508
49737
48359
26101
30931
47028
25295
39577
22976
37146
43001
2787
45035
29331
49376
18525
2199
3356
5204
15464
8781
14283
39727
45349
13950
37579
40527
21902
44811
23320
46062
7987
29802
12510
16597
28394
45730
37066
45034
8121
18990
22436
25865
45085
12080
38091
32434
9595
6751
44871
6022
34328
26348
20236
20361
13280
47864
33653
10978
1898
45928
24574
30655
25045
11793
21394
14490
48512
5027
31978
18881
8161
41173
25480
32984
10666
20885
30316
31247
7178
32817
18158
7158
26847
34982
23516
2422
22728
14724
29245
47919
10741
19466
9530
6458
38316
18050
49613
16423
31436
45798
36642
22001
10777
28927
436
3658
611
26445
44984
22580
2477
37325
1889
24637
18426
16506
47135
736
36010
7196
21732
29687
22869
13889
30583
28374
8959
20590
27977
23168
48424
12539
14414
33544
27769
44636
29843
28677
17686
21595
41009
43461
23815
45196
35712
47548
16442
40757
35983
16926
49077
35333
17769
3888
8291
25402
19229
33019
15727
37023
44389
2559
29855
28187
39849
17310
25997
7415
26135
46746
48490
28636
37080
44024
24916
41119
38744
16707
42461
5831
40648
23964
7861
543
18881
29333
45562
10705
23606
1400
2403
45356
13519
16436
30530
13582
32512
9368
17421
31453
39900
31520
27354
47266
8391
32331
16479
13221
21330
16952
26343
37372
29124
48090
41825
12414
14356
5310
11214
12005
15845
29072
38393
43118
48216
23132
2972
41034
12997
46444
33427
45019
41074
38808
47732
37668
46562
8780
4603
8009
11110
11970
31639
34929
42336
36554
31787
27373
29
15524
446
14496
19184
35153
9693
11249
41890
18271
16289
41954
10974
10384
5148
26451
989
20621
19907
2445
13251
7104
40647
43312
45252
37248
42252
29682
20874
34066
48931
1056
40023
7537
42596
45171
48516
41591
24805
38534
47364
12897
37282
21557
4885
2247
46514
41621
18731
33765
44526
46056
32650
19071
40655
25980
9592
41295
48291
33261
24203
28408
12820
5921
16833
6372
41752
17382
12752
36378
15763
13074
14582
47052
11011
38437
48369
28989
43027
42689
19354
18487
20143
15348
48165
47518
47597
5376
36554
35687
10138
32679
43334
12856
24425
8224
31169
44833
18398
14869
3268
802
15601
10054
27191
8246
2991
28255
22610
48930
16446
46040
39240
44371
34586
45476
24123
14063
5485
8691
22317
26860
14884
14465
13589
32231
34716
26390
38891
494
8568
25669
10262
40769
41184
7293
29406
37682
33945
10900
20938
22532
26807
28124
34965
19283
45371
5783
41417
26909
6391
17259
46367
24619
46734
38489
9684
26099
49049
34389
38034
14910
3083
27060
11505
28697
38333
25114
42872
43982
12049
7104
5604
33074
10393
38130
34696
35539
31006
37374
49711
21891
8355
34016
8291
5952
38207
23955
34107
20625
462
11417
7886
23913
615
31584
30806
23927
37757
7205
13071
17828
25197
27583
8633
42306
4211
35673
43464
32987
16017
26165
12454
42280
25872
11556
21787
2553
6565
25863
12688
24328
25571
19766
23713
40024
28873
2766
24058
37112
41129
21636
49239
7493
24168
38849
14521
35099
24706
15628
32995
4842
1561
12158
9619
27994
1655
11748
9461
19942
47379
13183
33403
25289
24164
11749
32040
2044
33301
20496
41834
35898
45659
36686
14559
49722
34712
15419
4715
17536
15900
39467
22386
36451
37326
18360
21120
18439
10357
19773
18133
444
47622
2170
26247
46638
44017
21559
13305
24594
28965
6188
48291
20865
26550
10645
11181
25886
12395
36613
43859
24830
35782
37356
5324
42475
41362
41006
28172
25144
6210
8196
32302
4178
14939
9974
48839
19480
41415
33727
37404
34239
43487
49001
44070
18723
13214
2966
2910
34768
28263
36217
14346
17820
5838
29606
21717
168
32878
47820
49012
6150
13075
44212
9420
20976
10861
5729
3311
10716
37291
34373
7312
48868
21788
19843
6456
13879
38255
46659
45568
16476
44716
37241
24297
46791
22993
20241
39996
21927
1117
34505
29266
26637
13390
6254
22137
31036
25
9656
3484
34692
8462
3264
44701
46620
42088
10902
30090
14554
7637
49983
4293
5729
41228
44716
47382
44978
40695
7139
12886
5190
28229
40476
34102
37121
35530
28584
26396
26470
40669
23254
44806
31706
3539
16937
35606
38862
14577
38393
34047
19060
6377
37083
24328
18625
2414
1582
9910
37603
2030
14447
45178
44394
43152
13529
9995
20182
35004
35039
19451
23337
160
38960
39240
17854
45991
3207
5649
24703
22020
46374
40177
4331
15571
28895
30395
34925
48626
36509
48345
43803
14175
21261
23289
5931
13103
17447
24827
33556
6538
48808
36658
27206
6058
31555
11669
41333
2463
7597
35520
29817
46077
30804
4513
43796
12674
19908
14860
7067
40769
39559
30949
17319
22253
12885
3495
40176
42574
39713
41947
3657
23132
19499
29443
48302
37340
33361
29695
15837
45090
35659
26340
21280
46661
25155
17062
43927
2766
41315
20586
42582
47664
31099
8213
6567
35190
28552
49698
41284
8538
44919
36580
2555
6646
19228
25001
49731
849
41864
29760
47541
47381
8564
23257
10257
27767
21422
45555
10481
1206
270
46223
43431
36497
18327
26445
16971
28657
40434
7302
39281
16073
7974
10932
25275
14463
17098
20517
36419
33621
36406
30069
26888
16619
32824
18598
13546
32941
40791
20506
31745
36230
49244
23040
11871
37862
42559
39389
44444
38492
1444
17665
15479
26832
9695
9299
38486
47313
638
31722
44932
8835
24436
38048
24688
15514
25701
6826
18989
37608
34675
1422
13168
32466
46052
24425
28089
26718
9244
49749
29560
396
5898
13
48614
25794
26879
238
1193
11134
6243
16753
34866
14137
15746
810
26220
38401
7742
8974
29215
12180
16652
8187
9829
48501
2282
42757
32077
43410
46175
12171
2169
1701
22493
2950
1446
9901
3233
39720
6573
46603
41986
31182
8323
12628
4242
12646
29279
37146
43149
21719
10738
26053
25968
12584
10584
47039
11783
32184
41451
6851
37642
29475
25752
11613
6560
42301
2351
380
22918
42524
9483
8138
3658
23525
7030
48711
85
271
26869
16957
42900
1785
44254
47300
29901
25913
23739
30619
36278
20692
25455
33484
12734
7975
19780
20548
37970
49028
40402
33429
21327
49291
18734
37837
1631
18831
20880
46952
7439
38681
12859
43997
46340
3058
19945
11096
34935
40501
17323
13255
29924
13725
4743
38958
34879
10993
43593
4449
12033
5488
15829
38889
5098
49339
42828
37419
46425
47937
33979
22045
39204
14602
19635
31902
25798
36261
8616
10348
47764
17702
49626
23328
15749
44721
44948
2126
3405
35313
14559
13497
29924
44665
8144
15626
10755
45746
31237
18807
7708
11491
32807
7617
16061
39131
4825
24013
21905
9358
13387
1950
22726
26553
13993
45236
45988
16280
14065
25300
38100
25671
30168
5161
46295
32062
5486
31143
25029
39718
15760
39902
45019
20124
20900
9430
46249
10859
47860
20657
27177
13236
38883
31013
36895
18723
39888
1354
16676
11041
16812
9587
39199
47612
3309
45984
11301
14280
12223
25383
13331
37015
7717
41481
46281
32841
12970
46720
43634
13851
35247
19268
37879
771
2658
25084
7519
6388
20834
23009
45524
11969
43668
35986
26054
33714
15195
21527
9628
14417
9497
26439
28462
30248
26742
27883
43584
3878
26284
12599
1695
19906
29666
29679
43106
45127
9722
9141
43217
26724
2596
33555
38113
5953
13811
30467
13806
29241
38053
31987
36584
26693
28818
24866
6109
47542
31013
26916
1315
45884
6636
5781
10121
37636
3812
37557
48234
19847
36157
2019
33189
12198
14247
16492
875
8359
21852
10401
7188
12451
27188
13191
18262
27550
22430
49374
40013
44491
20537
10778
7515
41160
39943
14488
22737
46801
44895
12841
18237
11092
10764
25089
33499
8471
14408
35372
15503
47237
7985
47231
19164
37057
19387
49397
35925
31324
48888
4805
40428
17829
30258
9767
24019
45041
47102
9363
45543
10978
17493
1255
12365
49170
8162
26123
4451
29884
2790
13012
6285
46542
44446
10864
16908
36880
42070
2396
9671
10555
19614
45455
3541
27085
49123
25840
18815
26485
17021
30520
30317
26101
35461
19997
42530
3545
26815
9693
45236
27486
41268
36069
9773
49024
14169
38474
14462
21723
34744
30215
40131
9689
19743
23149
22568
156
35702
49642
6028
48699
31347
4327
24585
43321
33130
676
32237
8728
30804
39330
32145
11156
42653
44449
42854
24164
33869
21525
10961
5919
24874
33176
19470
41351
1556
30114
307
19730
20234
21481
19868
35165
20398
48145
10121
27268
26294
35906
30385
4533
36290
7118
8703
8218
26768
269
281
34293
33389
6454
49262
42722
1552
29563
21469
23268
14099
26019
23753
20816
44367
30512
18109
31116
40352
11380
9601
31277
24174
25210
28754
48674
30360
39586
42657
21784
6276
39929
8050
36404
44399
32193
14571
13418
211
11233
25201
13416
23264
28386
209
2493
35470
41252
40009
47435
3971
40837
38535
11030
31811
46023
21081
15317
1564
5627
13668
48740
15802
6157
30863
35659
24463
48261
32043
47726
11591
44648
8121
4389
33415
33807
22362
16854
31596
35211
3814
42427
14680
25705
35173
34907
962
3820
41569
28385
9183
33495
34
29240
11071
39
47299
22985
9307
44916
10544
12837
48161
9327
36587
14043
11128
33902
42352
6774
37104
43458
15991
33863
3147
12483
9
19548
45371
21023
9115
46343
4715
20268
6221
23759
13990
31772
33500
14922
18404
15382
26398
37054
12813
3464
5329
34136
46841
45551
4372
3245
33339
44572
38664
42323
34791
40588
2336
48143
10513
41513
39547
19446
40433
11147
5747
6142
1334
39995
2673
49043
10528
38253
5371
24975
14554
36288
23573
5309
34073
40514
44674
15758
42111
13481
30876
36630
31905
11821
31152
23113
49096
1755
48598
22250
49218
44827
27447
32162
6722
32217
33118
20228
27782
22309
35582
684
46141
39189
1348
3583
27133
40638
13062
40000
47212
28964
39311
38435
32240
34908
17212
16085
27881
39136
6973
27992
18727
5913
12480
15002
32243
33649
35697
6202
41640
35303
29438
48623
33272
16819
25388
25485
14774
17688
29069
16074
7931
43215
21025
9376
24930
3261
28353
5430
25747
39669
42503
11050
40811
37325
39430
34653
7290
13286
45698
34691
42035
34650
32081
15572
11527
9735
8901
8262
37931
30328
39909
1567
14390
229
24801
2699
12405
14631
30926
37642
21822
45526
19157
29577
19008
9024
20276
2499
12056
28619
41724
32869
7679
3857
42454
19973
47306
7773
15783
5737
38321
13560
35717
41335
4987
24857
6215
23818
7072
40721
45797
40618
30706
23539
47889
28958
42616
43279
1193
25129
29456
4119
16982
31861
27223
26077
47112
13589
24634
33050
10292
2804
13123
17832
48569
6470
12542
37514
7771
46640
41301
29634
28576
5676
42549
21270
45654
42792
30056
38381
41843
42094
49425
1461
44526
31286
4312
34170
22881
47608
10427
37436
49231
4845
6879
2146
13512
34194
14334
39323
26350
12589
29582
3597
35858
26136
15677
13088
30431
39482
23336
27456
20277
5001
17127
17614
45361
43437
22884
11190
37698
9981
13209
35924
17071
49478
44526
34004
48641
43638
45638
16433
2325
3277
42278
20178
4360
33764
27740
19156
27830
36501
3921
492
36855
48372
49008
46862
494
17108
605
30297
19
49412
1330
4677
38765
28496
41707
38611
3293
3148
46106
49515
32424
31517
11166
20053
29950
18038
26734
2904
12496
9145
39788
35145
37201
8755
16774
40466
11901
4146
9188
13665
27674
46827
17268
20271
7705
45656
5829
36574
11603
19656
38571
46919
16791
24099
1831
30539
44782
30811
33923
32818
32209
17186
29913
18205
49639
41307
6558
33911
10595
42692
41266
44987
38343
15134
33893
19391
4886
11011
37361
22721
43367
38346
1574
39392
35118
15452
5634
6425
47691
20158
47940
48977
12555
11673
36391
32821
48223
42097
40976
11682
14473
46156
5438
26293
26214
23025
41549
47923
45895
14602
1606
41889
13375
14091
23994
35788
11870
19605
13200
21365
15475
17497
22122
32571
10461
40533
10229
19378
25724
48402
31568
9366
2268
31978
7327
11748
30325
44413
20824
34894
22540
49971
27347
28004
31789
36284
1380
4500
9054
42011
12641
33343
19541
4367
33971
2204
1953
21659
38667
31646
25690
47533
24061
12538
22715
42061
17674
10543
33178
43634
44331
10974
38063
29694
49837
42742
45168
28347
48185
42519
34151
32764
33478
38558
44273
1683
44571
9480
5529
48152
3958
46694
43998
6673
12962
34870
20366
33148
41587
2335
42247
15601
21116
11926
13153
20325
21509
29775
7945
41685
21946
8806
17873
45176
19384
9556
5852
31041
2996
8075
24176
41275
44884
16748
25606
36478
5381
30822
4313
29121
2991
39920
34928
28274
13498
3200
47727
11548
40285
37
821
41801
202
37985
39822
43194
45512
2508
46223
17001
31097
23873
42848
21911
40718
2565
45298
33803
30121
42618
14950
41543
4644
9184
11700
27067
41774
6745
36334
13022
32898
48279
8943
40280
26509
18014
45194
48352
34331
10928
45336
23109
43000
31745
2941
19330
28070
25472
29127
44798
5070
39204
43342
37891
30772
18805
19492
39356
46849
21774
9898
32852
47836
44394
5336
25094
16805
40249
23095
8492
18260
3852
43385
30342
14489
24854
8
45381
2743
42999
48044
22133
47345
34837
41642
45836
799
44976
49758
41920
22933
9345
27975
8773
18077
3117
7826
38024
35548
3123
41645
49642
19660
24596
16183
25703
38094
5246
46844
29021
45319
9100
521
20026
14323
25216
5133
49911
17093
28623
19835
31202
27315
30682
4819
20192
15671
31944
30594
6257
46367
44087
10207
6927
4338
18026
46207
4158
19857
34620
43946
40004
42670
30690
23677
3326
38997
23780
43796
30314
12991
24491
33963
11515
31663
23723
951
6359
29371
21093
25608
17975
28431
22049
23499
29226
21468
18194
15409
44767
24067
24082
23618
23097
30898
19302
25756
13649
39236
33980
19413
34412
40128
14019
40117
15108
14248
45312
5603
16624
45693
18550
31818
33226
208
9912
5976
26700
17521
25425
27186
253
4672
33959
928
6705
9770
33325
38119
22388
9735
1218
1877
45646
25776
47423
16914
16071
46498
41094
28352
18148
1936
49607
46513
46196
6755
43790
26693
10457
35845
37702
29878
13571
45040
11717
46577
1328
35683
20318
35817
10467
37760
19887
43519
35541
36036
24047
29372
8328
4832
26738
40802
40785
17015
46777
221
7609
14945
30983
42956
47290
38183
43238
33792
37420
44529
37591
21337
36076
41025
9745
37406
49551
13603
11733
10477
40382
36553
3253
27180
26606
42396
27990
5982
21326
18142
303
9024
31380
14452
44
27393
27675
42040
41092
40714
22936
33103
7324
19993
30214
40423
8486
6234
4840
13816
18813
15596
11402
47572
15657
41343
10246
8705
11289
44554
19717
10984
2107
38616
35885
14827
37823
37825
28472
43059
13072
17420
46208
40534
30163
24808
38044
38321
7493
45392
13846
5476
40417
8067
44868
35817
42347
28184
8652
18289
10616
2360
1143
23327
18312
16604
15441
49028
36360
44421
44259
11506
727
9494
16861
24943
45961
24912
9904
45180
48391
16416
40602
38735
35580
37767
37860
43278
3858
1783
4894
13821
29081
8339
11309
2875
32673
28475
26162
28421
6922
42974
40385
29396
33694
34665
49458
17949
47068
43830
3725
2200
10227
45295
27448
757
7649
28599
1748
13998
18157
9471
42972
41879
20203
33969
44952
36398
35093
15427
44720
27188
26010
19315
34388
44081
22444
41366
43656
14994
25551
10669
40282
33000
48966
46098
45776
1636
11696
17553
19560
27265
25395
6264
6619
18240
17403
44932
33455
26479
8053
15207
13596
17807
9787
26302
16172
26993
25822
48177
37612
42733
46706
36544
24338
46390
3766
17585
36225
15085
20803
26185
3841
37584
22285
14339
42034
4030
44649
9647
42341
14806
5895
9670
7613
10459
24813
43419
32786
43753
9620
26504
43916
17155
38231
3162
19994
25159
38637
15258
7653
47889
31207
373
42767
30078
21140
21648
7501
29954
12787
31838
2403
793
26207
44981
39994
34887
1003
41206
29874
3639
9279
32610
38521
27311
20970
48099
49151
14880
1256
40775
34365
29047
26386
19432
22905
47076
48870
48535
4274
13567
19990
19004
1449
18260
16390
28719
8470
11697
421
38899
12449
20679
14331
45934
36517
35664
48854
48484
26286
33088
15660
21439
32746
24191
34783
24514
1084
23486
38561
9328
44563
38483
15328
2921
39091
25305
23006
36868
6368
19223
11071
15944
11016
26517
32741
3655
49769
38999
8320
49982
27038
36591
1462
27093
6304
23740
2744
32583
30617
49108
36105
18496
42275
48132
18048
39937
31303
41026
44032
9142
16497
23094
3500
31071
31541
7518
37977
2901
23008
3051
43660
15896
21841
37371
35259
44266
13682
17117
36079
17910
42119
43597
38965
21792
34396
29733
8610
36920
3668
23526
14980
40759
20845
11979
37136
29300
24437
22235
31362
32524
21031
33945
49537
44163
31116
36767
16808
28566
41138
36317
2061
6167
14783
5164
42579
8318
23525
49550
13581
15898
27994
44580
38034
36524
5873
13345
23840
32451
1684
26046
15939
37899
41652
30099
7757
44567
36882
41955
28591
20845
40868
21197
13876
29423
39597
2843
30838
6083
18096
32152
43934
25063
39995
48542
15105
47231
3759
40447
11129
39318
48189
40749
5952
34096
49759
3513
30382
24627
22311
27096
40210
10143
539
17081
48761
40295
21553
18956
5110
16380
43189
805
30552
27762
16080
41544
31074
45091
34839
15932
42504
6135
17028
31430
37627
47301
46433
39074
44754
28741
28988
38431
40976
43488
6194
36075
34519
31637
18117
49678
40021
31018
35205
38340
2873
24786
22526
30323
1397
21911
2677
28850
12628
46626
1370
28825
25404
36920
21349
4521
5671
3987
23021
11761
29608
20139
19470
49757
23720
17318
46222
22632
11100
49740
4018
20684
29578
37383
39047
28995
38702
11431
18009
23146
12724
21188
3927
13707
46501
45108
32194
17941
20277
29186
41192
43530
29666
16493
4715
15365
2429
44469
15817
1265
33021
34689
28140
5919
32077
1569
22316
11102
38783
49775
28384
7455
16737
40639
39553
46433
26589
27716
29228
11680
45092
44155
24110
19585
25747
1507
9324
43653
30353
42063
33283
40020
11540
19014
42107
29451
43777
42760
47257
44353
26151
11931
19796
28122
33948
12818
23538
11885
9006
12513
48281
16906
48903
4283
25019
26221
33716
49746
9985
9636
20117
6032
23891
8053
41624
10631
9286
8880
13035
42700
23266
27985
34115
20466
14479
24501
31385
22482
36414
44319
33878
43934
6704
47328
27868
31751
2697
13885
232
48907
35289
9121
393
14929
44986
36411
43719
30225
4953
43002
19909
37474
21750
44249
16202
31627
6092
14201
31940
3933
45448
33971
15406
9204
13570
30835
43636
44128
13130
40692
7261
822
23147
36533
32059
2064
36969
2189
41327
29565
32312
28140
28463
47495
22475
5606
29878
19484
31234
23735
27750
16060
26762
42554
29579
3330
18139
14559
30075
44088
45718
15365
28296
5692
8327
2615
43639
34068
45227
11646
41712
5469
48337
45403
7154
9098
34744
5989
37339
14703
46852
22484
5306
38984
49672
16648
26152
35838
5469
4856
22699
27295
12246
38321
38398
42474
20068
23304
5598
4565
14613
48635
12601
34445
6461
37292
42951
40423
49416
31775
42161
13766
22789
8782
6306
29411
12175
11883
34827
49707
27329
31354
25344
8149
19499
9187
5263
38639
11520
38562
29255
8362
27449
30086
2725
28683
7990
35591
49624
18400
21017
26912
6140
28254
2115
14339
27612
12198
11446
529
46632
13840
20892
18904
12770
38956
40962
28150
43041
3790
12892
26444
10930
17150
14754
22062
7797
29416
6096
600
27153
41214
35167
8410
25129
40408
30332
21202
5214
2087
7272
24337
14704
35911
19999
46820
726
37769
21968
18213
46855
22536
16324
29633
22980
13243
12779
49778
19574
6466
44675
48276
8849
22314
11689
49247
30637
260
40669
6583
19532
48162
10482
44556
43078
7527
11797
3405
29640
359
36317
43978
19864
33202
17256
26235
25530
38372
2472
37102
4236
13627
20912
20162
19907
3859
3303
19742
10612
10528
20605
41109
48782
45835
34850
13769
49389
30346
44548
29688
37401
5509
25461
17118
35466
39214
38049
18334
29983
6646
38938
10245
16362
2932
15680
34052
403
43329
40080
8412
10750
44813
45869
13602
49569
18091
49298
18664
16273
28545
34210
44675
45768
10535
49872
10185
20174
46062
6086
23779
5669
34426
2610
9543
44668
46974
26866
10387
34414
38156
26793
35404
39155
9395
14020
31519
29164
14451
4006
10084
24214
44032
9431
37265
1833
30445
2449
36584
16674
491
48066
42381
38107
42950
13925
8322
36099
14367
40206
27699
612
47073
13523
9667
49424
32384
16948
42251
15823
8976
37895
24602
18431
38339
8254
15902
13751
14843
9005
22834
22657
31369
13049
9623
21189
11882
18380
26032
21088
48869
31125
37288
4120
49643
42844
19639
38440
24874
47866
31717
45590
44513
47102
29628
49678
24683
13498
6375
14390
36999
22169
32248
17354
14728
28581
39238
22523
34421
23094
45486
44124
48040
26152
8649
43215
15796
26490
494
28269
9090
45740
672
41904
3933
48959
43261
12859
22190
4001
19386
39163
20433
31027
34727
10556
9635
26032
43235
31505
39998
41054
40950
37362
12348
23936
13417
16935
28280
3660
3208
16414
27591
1189
17988
4607
35480
4325
43852
40750
32178
18121
48146
34061
4813
6008
42729
49856
39512
44161
391
27221
20765
28391
34993
17605
29202
48099
4346
28810
4266
15502
16726
37842
45199
49325
31575
39740
7593
37547
37628
32514
16314
12239
36814
25532
29179
42837
21315
37676
8272
9884
49080
7993
45966
45465
42216
41284
39414
8504
21968
21726
9253
34640
2761
19454
17688
18366
48393
34288
43740
42162
4730
8199
32415
17519
18361
21860
34907
24042
5944
19808
36745
48785
23339
37787
19370
2871
17160
10361
20602
40186
31366
13778
28756
10787
28684
20655
45286
45461
24259
47543
10225
5838
18054
9652
32873
47992
37232
34907
33029
34640
8624
43451
44461
6714
41562
8356
9632
13813
3016
37396
38217
46887
32695
30302
23078
22426
11358
19585
33691
31888
185
20460
47863
34371
15067
8571
39890
43022
42732
8263
41853
17122
1750
39856
22578
16348
6650
24782
44667
23168
41225
15889
4443
25357
29963
29456
24027
7663
9761
4172
5837
43604
7569
18216
42574
35134
40866
26000
13244
29298
41332
44720
6132
47345
10505
33390
26116
30736
27076
33587
2198
14373
27298
31416
25162
31974
10121
26605
3982
24591
741
38960
17845
629
768
3939
2155
4409
1039
43749
24954
38978
8884
28033
19511
39594
43360
40719
25106
30645
4449
27193
40801
11134
28041
3302
13261
7073
5040
39767
35561
11246
17105
34037
34042
20249
29045
5172
17937
13953
2843
40815
8075
40948
7627
8390
46226
18113
1266
4273
43373
20722
23330
42875
27412
21032
4069
37596
47885
45911
31664
7402
18890
15096
13462
49042
3851
22350
22637
29781
6626
33772
47911
12749
48904
33092
23961
22481
15204
11350
1569
40461
13573
37552
18096
6199
19044
20273
30608
3204
4287
49346
4844
47514
33247
11465
27781
38199
44274
26088
22854
19641
30500
24254
39722
9701
17377
3254
2142
28276
41036
37603
23216
41536
45472
37156
48992
25234
27894
7518
16202
38130
16861
23556
24138
1597
21934
36024
49918
36143
9065
10076
8581
4214
20180
26744
33991
10242
31793
8484
41153
24662
45413
45106
39402
13873
23353
29224
22097
47665
47458
12142
31036
14357
15372
4828
6434
32626
10497
11593
17428
44746
49713
15617
11270
41951
17035
18487
22010
15470
839
5251
23702
22770
11296
35556
49012
38233
21638
48754
23415
45822
35548
36085
7518
39309
5973
4447
5724
38406
32935
22241
31711
16361
31922
41576
18976
56
7326
23024
28061
22493
47478
11830
2429
13673
36592
22751
48123
22091
34645
12247
2286
3063
8724
22897
35488
6350
19243
42134
46449
15440
8425
39242
46644
46050
3450
47604
24261
8952
1359
12828
23919
47325
41926
22028
41156
46085
14228
45848
25968
2247
38439
47582
28820
13210
9589
24595
20526
48644
13310
46771
38699
3313
34623
36379
32834
32148
46812
17237
10106
36941
3375
46337
32889
22415
5646
27416
47512
34440
26973
7975
49170
38276
14251
11323
34804
26483
42845
49957
47028
19015
14236
46368
22057
20570
48881
38804
27024
1236
18232
13842
7559
6479
11504
39980
13481
15271
27892
48733
34188
21657
24259
29926
4802
35076
39087
23528
36346
48456
15809
9940
49941
17479
36760
6489
49619
44047
34317
43698
24461
34738
47662
39850
20641
26357
527
32222
33648
47298
36548
38579
23705
15032
42213
37823
26372
28510
28204
19975
41535
8717
31767
43872
32454
28123
25004
6711
31735
839
31932
40162
32739
17217
523
26283
10752
47656
36810
22035
14185
27259
37889
39167
5206
46652
10762
26204
43227
38421
976
47105
21396
45675
10509
43898
29071
34783
14054
44688
34074
35110
5632
42509
14715
11749
47991
35269
9460
13242
41327
46365
15685
33593
4793
24263
8640
37951
44043
8277
5782
266
1306
3970
47338
25837
28685
10914
39066
27066
5732
47740
1825
26207
44220
8623
2916
13139
12775
29407
25582
28878
46711
7163
9706
8340
39345
16185
35854
48354
39274
39447
29924
37810
49281
11906
7645
27837
49483
38432
25970
12786
6571
16310
49752
40818
29575
2794
19865
34622
33661
43135
28854
44020
47901
37172
28127
21620
21421
14852
48675
7013
22831
37635
22267
48875
27048
28940
44251
32858
3074
30931
43397
14104
11726
1590
2628
31987
40893
6987
37824
28852
49031
39822
1039
21612
23649
15679
28426
26024
1409
2180
15426
18992
40964
15460
40902
30026
554
37399
47633
24436
14683
37600
26316
32840
17028
47359
10219
16684
8290
27672
40181
23570
48847
24889
15751
8061
46743
9282
48777
14752
28884
14505
30821
4601
1952
1704
28241
11230
48442
32184
20019
27406
12182
47293
22891
15870
43493
11933
45705
29059
15815
48624
45988
23069
40544
32060
43189
49532
5332
12723
40815
35728
48460
31906
42476
39523
36823
9640
18223
4152
7350
174
49804
30360
38058
49728
42042
11029
2753
18204
3621
33364
11140
5987
46414
6510
28363
1113
23712
31932
40384
36320
22366
6672
2317
42877
9602
8641
119
28182
42161
9160
45598
36756
5160
6525
11365
12550
13755
26767
6054
10869
31258
1950
14981
23137
20899
41279
12579
18606
21322
11806
37178
43409
16133
6858
32867
45658
8972
35110
23374
9322
17699
38986
46419
3100
41537
21435
25393
49545
20531
18325
21648
2530
49891
37202
35829
2400
42729
39428
36267
26265
14378
33348
5850
23721
5573
29553
49897
33000
13151
19252
44814
39984
39375
48972
34451
28273
7388
38784
26681
33366
17336
11212
11639
22025
5801
22452
13736
31838
22210
27898
11257
13528
3895
45336
22560
4544
23059
47250
21676
33341
17748
27847
25995
17348
15694
21082
48707
7118
48508
39716
4718
47077
17456
12213
6699
43435
25181
5052
47763
21845
42279
5560
4197
23536
24652
18852
22853
41403
47442
41416
27632
37224
5000
29579
18461
1018
22571
48383
17932
14141
30712
21583
4093
46459
24485
19832
23873
47030
4144
43007
13628
8297
15383
982
26116
37802
27712
22395
16348
14617
8770
1408
10149
19614
20689
46868
11835
27706
134
49844
8893
17707
32562
8331
33104
16328
25788
35492
15948
27367
11852
44553
44002
14272
3050
16979
15501
25829
48131
13098
32434
38372
42717
40075
1335
33200
9339
30505
5575
38779
38853
16122
40716
19714
47168
48469
16638
43098
35211
22919
23470
30460
7649
34585
46888
33727
24634
49114
41376
40983
42486
14218
10008
7152
23646
48024
34281
13022
14385
41796
11065
39481
33374
21765
45785
47383
12170
8961
19554
12208
21000
29645
5525
30495
27588
2119
33188
40322
43518
43375
6473
45576
48954
33219
13749
44960
20063
6857
44440
114
45895
25568
34485
17562
42552
5464
47356
35
47909
29515
5125
24882
2611
28474
14959
18777
28112
38169
22758
4782
1092
14697
34171
10645
46958
42236
30370
38887
26690
35940
27427
19666
1042
7025
14301
15099
7589
1666
18557
38439
15232
39204
37217
20623
4787
35777
49096
14399
23995
46221
34683
15462
2170
3118
32989
35064
26152
28537
1620
4308
9747
34166
49477
30965
17659
12504
45036
23425
18190
6507
23722
39517
48699
47723
13402
36487
43957
42800
23042
26728
14301
4784
48197
29216
37777
5027
45421
21317
11092
3657
17369
35033
17108
48227
2191
20256
44409
2840
20928
31474
13572
48492
13448
40855
26314
9267
10212
35796
28596
3978
40299
24839
48652
21236
30089
31043
29118
47623
32534
37499
29135
40292
4246
10650
38958
4144
36349
37558
43095
40807
11246
2718
8675
35444
12099
1734
10798
21896
33084
12164
17796
2182
29408
3135
43113
33963
22103
46679
3408
26550
46229
16395
36371
35707
10713
43644
45942
48362
18832
25460
1316
19948
31197
17763
12449
40156
49981
5675
24425
47175
29948
23937
10297
28914
41024
37579
29385
17386
7294
20606
20813
45322
39402
15275
40223
37322
9227
11390
8842
20673
40090
10882
30169
48993
23094
24787
26617
48997
48544
13724
25973
5829
23166
5943
28771
40526
20124
47732
24478
16469
38536
31216
12525
37245
37886
14851
49159
26265
29334
18820
40390
26048
37233
28641
10816
20429
11814
30085
12773
20955
3979
19812
3575
41134
4715
2637
8923
35707
43106
24134
26357
10448
11709
45007
33847
33585
41493
22662
38722
44520
9106
35430
2515
37430
33960
17015
15403
19677
41521
25871
44969
38692
21761
32438
6248
45781
46759
33550
29166
37184
35732
24581
46758
18698
25171
41675
29140
16584
27522
6148
30069
12950
49596
8125
47500
38071
16943
43995
27278
26505
34427
23614
11365
25975
42072
32999
26378
34313
28447
27770
5507
45983
23298
9822
5471
658
19905
8198
33143
2354
30026
42666
27092
47764
41560
22754
39129
6264
11572
9371
14172
26687
38512
39301
38837
27806
6629
22524
16817
35277
29186
49128
20243
47884
46683
38796
28169
25053
23814
26388
34710
40406
22012
30607
16371
23863
45665
36991
1365
5174
18881
31496
46449
49326
21632
36709
36407
20
34635
44148
18254
3831
192
35571
15932
43197
5895
27906
22993
48220
4923
5428
25092
9328
35436
27592
36558
3177
3559
46502
2336
32027
8141
7018
36680
29801
27118
48847
26594
17996
8062
4956
2309
44762
39342
16342
22026
9324
44803
26063
7601
24763
36047
10783
9541
45586
10423
25089
46571
33731
42201
48910
1371
34778
19963
20246
37662
35058
48758
37474
5253
46770
36504
30181
18572
3994
40569
24467
15613
22529
37004
43338
37101
1484
49853
2313
45232
32469
7798
6547
29743
12247
3823
30951
22660
40476
40088
24044
11852
18307
33351
5597
13084
38149
10205
42271
22696
47169
3187
22923
48505
44806
21329
45993
22201
3694
31508
40598
30841
40264
12876
3851
37285
11731
48820
25860
8802
12655
30440
25468
6660
43424
22199
37619
16484
20461
11857
11505
41605
33461
24909
15092
46126
39026
26539
16478
10640
32401
41119
38203
41985
18248
12801
17777
40854
19906
12656
25491
42852
36708
4797
26181
13978
21736
45664
26865
18805
12090
8653
13560
14880
8208
5188
25966
9486
37932
48056
17496
28808
39573
27758
15232
3883
8215
18473
1204
39805
37913
14818
40816
20024
38737
41455
48639
46489
44449
34608
10984
1210
36822
40609
37048
11248
2153
448
18207
5629
2782
8074
7102
6688
3056
14238
47984
45114
26657
19462
38634
42488
38961
13923
23133
30564
12310
15170
6557
18912
21751
4483
12809
17973
42324
41017
15408
36403
26335
8900
17769
17808
35493
45706
14
48225
47293
47910
41927
36001
29636
13696
43522
19229
40433
5454
43174
44239
5194
35792
5693
30261
6745
8158
20431
13303
16223
47385
21859
43723
7741
38477
18863
21839
20530
37820
9744
39709
17951
3509
42361
9023
20693
18694
10822
8504
22032
42849
30469
15257
33178
9477
26067
20326
1341
8740
29336
19432
47967
9941
32255
11063
21830
16192
7668
41121
32632
30777
14639
8963
1431
35467
13409
2974
37263
21048
7457
22921
37552
2405
33390
37033
22813
45404
2014
5863
10536
28030
22600
12450
49726
17238
30031
34097
41735
20764
21797
31148
32171
35692
31542
23005
42894
40566
11969
48650
14601
28807
32145
42261
8979
48977
25200
12045
26816
28848
21946
21079
3881
3609
42017
37419
45264
45091
6839
14176
18238
19748
196
4520
7285
754
39976
36244
30481
42711
27725
44666
11360
20771
42876
42893
45261
48970
28621
10565
9404
37395
40370
34259
35331
14275
2977
4286
7514
49426
23493
12508
41998
25260
25218
45096
46162
21233
42530
48905
5290
37294
26831
4851
32869
36667
1677
45976
22766
9880
7624
5790
8562
11446
30909
29162
38043
6360
48410
24673
10987
21528
36716
27162
962
677
32353
21130
42662
27723
26942
3180
41789
29000
47424
26532
15051
28020
17862
24890
32424
25453
3829
45605
35268
37149
3855
6402
2051
2516
3166
35238
4593
8491
13622
12039
47680
47047
3418
27107
48729
682
49511
36493
21448
4161
7661
9663
39684
19532
32184
6406
9942
44747
36395
4975
24394
49408
49241
4804
12062
28084
46868
46007
9845
5896
49473
43976
27387
7684
9800
4796
37672
34297
3901
33248
44307
5917
28169
27366
38717
19942
4279
23200
19064
8645
5442
41762
28000
1856
13640
11700
36513
25063
6842
24764
35854
28155
35500
46277
17460
36253
35644
6673
4079
13736
12539
43952
45187
36937
20358
29704
5799
26843
14414
37098
5975
31787
12007
12727
31165
36377
23476
43703
3977
40171
18804
13844
18836
47941
24465
11384
18800
20995
18318
23664
42273
20311
24427
36646
34312
45714
4782
16714
19450
40848
21066
44568
27805
30758
43863
25769
31481
22069
41277
49186
39339
12746
36945
27074
6625
491
4151
30398
14869
34376
19416
20518
27665
47489
7503
1128
25716
25405
11153
13784
30850
3552
18716
25766
45808
19753
18323
49806
36577
8931
39779
20848
42480
30252
19388
13093
20992
29540
20171
41196
42518
28864
8610
29646
22282
9429
37747
23342
6259
411
41593
16175
2831
37075
25815
25112
23725
49750
23635
26019
6357
36473
22261
36835
16856
48437
39598
26267
4980
38898
21278
3486
26695
39764
8623
26213
30204
9223
47436
42081
49899
38088
43428
10038
16766
9145
39973
47950
27288
4735
343
41299
16739
46821
39737
4749
23012
28640
18835
12031
25051
2135
45900
10395
1542
22375
15268
2461
40885
31757
166
9176
12050
3174
2742
3584
20959
26265
19253
36821
42991
41015
26234
20270
48505
34282
46967
26224
12677
36264
23682
35007
15583
40577
808
37948
44691
4196
7668
15243
9375
22707
30902
7976
5560
26461
18190
2401
46872
30895
40950
21424
47387
9154
16525
33716
48525
16010
1565
22504
12061
45934
470
20118
9302
36900
15041
7515
24677
24090
24586
6373
18874
31034
4521
32358
14566
40435
22318
33342
22047
8331
920
36507
20330
47633
36276
23681
25651
27481
15487
41758
14172
48133
29368
5452
9223
21206
22655
32381
967
45321
39356
11449
32712
1601
2912
11948
45622
18422
25513
11710
10346
38742
32939
3465
1493
13806
16506
49349
27544
3554
234
9056
23206
4016
47837
8723
43453
45013
42432
16372
32968
38254
17147
17988
13160
16761
15398
10462
376
27505
3902
45011
5448
33504
31497
839
42860
5984
33362
29445
21971
35554
6050
43431
14756
35492
13502
28584
42100
26198
14172
41902
33142
17161
32342
3234
49557
2335
37361
16042
46765
45762
9660
14270
40424
49504
1217
8728
22899
19305
34515
16854
14786
36647
5628
35620
2083
12299
13275
38342
1454
10014
29623
7833
31894
13369
29017
25393
4773
21133
30198
34181
3606
39861
18589
31122
13538
47978
12956
28102
9863
48940
10027
15850
7602
42084
38295
5816
32527
22396
6708
2243
48853
47444
47871
43793
41537
28015
33571
14028
21301
30258
43462
25837
22336
24659
6556
15215
17848
24761
43191
29451
9257
34273 39931
28443 33536
26427 29876
30046 35283
1929 10474
4564 8968
5162 10524
29716 36733
24611 25250
46190 47443
48212 51202
19719 25859
35322 42199
40178 48146
9825 17149
24607 28721
32096 34814
22209 23467
9908 15780
17753 27102
37918 46246
42580 46367
10335 19430
45899 49565
44336 46731
15001 21848
47244 53716
26474 33484
45180 47706
13872 17522
1315 9904
12061 14666
40157 40524
19974 29051
31647 35765
49705 51752
7464 14493
11247 17961
43361 50548
38891 41874
12783 13117
11058 16520
7311 9542
16751 18853
29274 37213
28991 30849
18677 21269
7983 13848
25711 33124
23657 30772
15961 23958
13299 13560
45310 45781
18242 18849
22847 25769
33733 38693
17247 19261
22133 32121
40546 41593
4669 8165
26271 35122
39157 43609
19113 28040
14007 23467
31271 39772
32001 33023
31826 31903
42244 47925
5220 10946
6520 7618
22334 27113
28271 33373
13252 20790
12642 17955
4120 8977
6251 9834
10784 13639
37432 44525
6828 15465
28161 37561
31229 38761
24066 32250
48424 50803
19798 29423
862 10131
44292 45069
47297 53045
11544 11953
22735 31893
41998 45788
13914 17641
30311 37678
13856 19182
1598 4146
38831 47950
1819 6409
28363 31445
21310 30162
5671 14272
36510 44106
23539 30901
10067 12429
29750 36111
26301 35764
49394 54914
13216 19914
28385 32444
32258 36054
30419 31359
662 4933
4957 14802
5082 14952
19505 27336
20462 23012
34381 42851
5102 13990
27165 29983
43869 44854
25229 26556
40085 40459
1824 8851
48309 53545
36669 39774
29397 35610
17079 21279
35192 41869
18244 27542
4614 12339
22702 25794
26324 32376
35262 41844
33022 35798
37447 37678
8441 12581
33013 35401
33769 37659
36327 42079
6635 13036
12405 14882
29799 30211
4199 11068
45318 48946
21855 28839
34386 41858
26387 28112
10649 17158
13745 15540
11719 19224
1379 1865
15381 23945
26925 29779
32603 40108
8045 13277
31227 37690
28749 33204
43775 51270
27630 34970
13089 21071
41445 41471
20099 26769
2613 10881
17623 27170
35664 44944
33059 42456
41095 46530
38800 41305
44722 45668
15262 22269
47035 48695
1733 4729
9274 12176
1719 9548
19182 27081
21612 29243
13220 16634
47200 54598
48 4398
42153 47218
31177 33638
41366 45539
45365 47344
39900 41900
19409 25447
22448 22546
43441 43860
36588 45759
2922 6623
27796 36205
43164 46479
44866 53158
47165 53129
30249 32860
19492 28355
30540 38790
29026 35857
34029 41100
38845 45685
20554 29941
30432 31655
40925 48026
39431 46126
27938 34774
21988 30358
14694 16735
12709 18636
30916 32339
45931 55908
16390 22130
16589 19423
28059 29544
34610 37207
5082 10155
24360 34171
3648 6974
39009 42604
37574 38836
1429 10350
9176 11931
37162 46930
49585 56463
1808 9919
1531 2634
17150 19386
4246 10389
46539 52355
9701 17919
7173 12144
37371 44591
2810 5074
2314 3955
34072 36893
15181 16374
14321 20462
44100 49123
36136 40144
28337 35192
23249 29871
19944 20504
9776 11003
5580 6867
38900 40932
4860 5367
22773 23167
21133 29729
31433 40422
30673 39139
42842 46069
25880 33299
24713 33834
34640 41674
37706 42359
35666 40773
22387 22449
48897 53687
43277 48750
37799 45334
37188 39127
17274 25036
20460 27521
24331 32300
36667 43848
33688 36130
1965 2036
17958 27080
1357 9909
47882 51842
38834 43559
41524 45299
614 6961
7792 16743
36054 38514
21124 21127
22543 26614
2837 4129
45506 46252
18144 23729
17118 26386
31187 39645
16899 21402
31135 38553
16085 19023
22342 24416
32476 39830
24386 29870
28135 37632
26679 27759
43000 51823
37814 46339
4308 10692
30526 31173
49178 50265
39399 44270
10945 15490
16130 25211
34700 36715
33675 35792
19492 22226
38821 45176
10639 14187
7035 8300
9261 12981
16900 26621
30352 31476
15133 24726
7810 12140
48522 53284
29174 33678
4732 7779
47820 51091
46460 51319
6954 14592
40111 47257
32160 39114
19711 27093
44521 48178
43073 51891
13871 14886
27645 28046
9548 12210
42129 42772
6747 15836
33092 39568
8842 9291
24419 29598
3313 8955
37131 39051
22486 22669
30270 30293
21172 27768
48221 54211
17240 22374
34092 34881
17786 21598
24994 28493
48340 50450
18387 19427
875 7646
36808 40530
26987 28292
38818 40813
39068 47079
3026 5248
37812 43254
47207 47589
37943 45245
43050 51836
35118 40883
30257 37061
38989 41271
18173 21863
49286 52627
27957 30187
30831 39596
42899 47457
6220 11528
3344 6245
8460 9986
19695 21778
11744 15619
44213 44679
31278 31392
16993 17365
29907 30015
47003 48707
33767 35660
12320 16135
47308 55243
6896 8435
2436 4877
12064 17596
22862 29823
14672 23798
19275 20310
11588 18103
36935 44255
26884 35392
25830 28805
39314 39677
32066 39232
5860 6922
13121 13460
38677 39305
10858 16083
47209 52183
39198 48914
21970 22776
18687 22421
5418 13148
29921 30275
26295 30873
16738 18464
19310 28370
44949 50656
12747 19094
44488 52027
5134 6857
48629 52627
16872 18143
31938 34081
30913 32962
5236 7368
44854 53399
27287 28578
9964 18059
20226 24384
5236 6288
1638 8437
21690 29833
37044 39196
16976 23911
19873 20443
30370 30870
9513 12262
10403 15668
1583 5535
27565 30913
4898 9845
43060 45248
29900 32008
28218 29756
6859 11166
40825 44425
34515 41903
34056 36004
8455 11338
30992 37794
29366 34984
14772 20513
34619 41140
8454 11778
26126 30409
22759 29646
37993 38649
45330 54680
5956 14933
27784 37357
22965 30719
15831 24291
43356 45391
9548 15265
20712 23062
49732 58909
44241 49843
10203 15879
8309 10635
24368 31305
41650 48844
25329 32446
35963 37815
16392 21633
19125 25977
42060 46731
42373 45083
28484 30866
32648 37001
9743 9994
29502 32726
2543 3091
37696 39517
39517 48811
13906 14375
23030 31379
28483 36202
47044 56778
29649 31329
414 2787
34797 41461
25302 27734
47637 55214
37908 43506
15547 23813
36363 38752
7954 13000
42525 46737
43006 51257
25450 31058
21083 28952
31307 36563
29317 34069
25318 29927
40120 45103
18188 21202
46549 52865
34110 42224
23369 29587
29054 32494
27203 28364
26542 26936
5500 8684
37770 41799
15212 15951
25496 27438
24606 26026
49426 51691
9104 13895
44658 51192
2604 4752
4393 5934
32726 33181
7913 8113
25295 32731
27907 33160
13893 21819
3751 8302
4487 12908
16225 24997
23430 31443
4818 9977
26342 31526
33213 36539
17919 25126
8772 12174
49720 54352
38817 42691
45324 54516
18301 25618
22716 26787
39278 48841
32434 33351
29945 39776
46328 53085
15277 21490
2766 9708
38019 40367
14812 22600
15685 24631
29708 32161
17840 18939
18603 19259
45056 49298
48347 52931
20439 23422
6620 7604
43219 46522
39404 49312
34039 36183
45817 47376
22535 32370
27876 28398
3473 5849
42616 51834
15389 21131
17488 25909
27981 33184
45550 54859
7448 12651
9160 15649
23324 25428
18549 21090
46652 47862
3928 13075
210 2703
48831 58147
21700 26114
28427 29492
23428 32045
31840 40465
1921 5119
6994 13221
17378 25589
37560 46424
37028 43982
15024 18442
26709 31984
49916 52901
38998 45412
21956 31806
41828 42456
11145 17395
21541 29031
27163 33013
45165 48926
6316 8771
43863 47619
31592 36457
40873 48267
17839 23917
32984 37775
35071 38214
17670 22162
48654 51896
25919 27347
47058 52732
10565 12770
12802 16246
5431 8450
703 9527
35273 37293
49936 51568
16590 20366
8411 8524
1475 9364
41949 44898
13397 17152
37969 39546
49435 53678
30088 39261
34375 42258
5395 5546
11850 15230
49279 52889
23269 25396
26688 28318
28962 34243
17505 21199
1667 5643
36285 44677
25112 33093
18635 21060
46178 48557
25215 34662
9000 13396
29513 35551
37561 46756
20672 30261
20921 27115
37103 37196
25940 29182
16898 23094
43961 44298
31991 41948
31134 39590
2908 10576
42275 47754
36252 44626
5944 13675
16315 19598
49781 58113
12874 15021
49212 59016
19513 23536
33955 41073
38658 45233
25917 34573
13532 17693
13646 18972
42591 50611
30757 32931
15932 24142
37851 38676
48328 55189
26728 30776
47644 50764
22994 23149
41801 49234
41343 49631
11220 15092
42800 43937
21097 30104
21845 24340
22345 31031
2641 10916
21650 25134
8784 10106
12415 16747
45942 52477
13528 20943
23571 25436
11463 16944
32994 40118
14516 21053
11036 13514
40136 46971
42254 48869
40464 45660
33819 41147
22406 29154
31476 39221
37350 45659
5686 15509
760 8092
27394 30788
12506 22035
44845 52573
24062 31464
46735 55461
19101 23487
6509 6743
28648 38488
14789 17002
43459 45136
46309 53192
26981 29123
41410 50331
1714 5718
7043 12606
428 10127
34516 38193
8969 17342
37310 39003
23542 25745
29115 36972
43966 44130
40042 43543
22260 31835
16597 20111
16112 23258
10524 13488
47091 47384
41718 43683
38193 39752
34947 44610
4595 9665
35958 37625
30127 36239
12364 12637
43220 48800
16272 23068
23698 24524
16645 23276
20788 29574
31407 33371
20485 22488
10640 19618
19963 27046
2581 5487
29048 33694
4765 12900
1602 7478
49241 55410
48537 57142
23095 32966
37323 43480
11240 19844
23588 24395
16932 19043
990 3805
1782 5650
21051 29736
42422 50391
35384 42215
2322 10199
18154 26155
49618 50776
26126 30430
34558 39180
48303 52252
12790 18163
5779 12775
18895 24143
15391 23272
15054 22534
2165 4519
12020 15892
33053 41297
35498 40629
945 2771
38055 41694
38611 45423
30708 31095
40166 45094
19697 29277
1820 10212
42597 48215
28904 35044
8585 13527
406 3612
14922 15942
39243 45766
14341 24290
7322 16582
36739 38538
17551 18647
1263 4847
11335 19641
43267 52165
15264 15289
12609 19996
19842 21587
27327 30220
24715 30780
48232 56423
42170 51298
3109 3197
20965 23960
40941 44725
33667 34795
44511 48382
41305 49800
35736 44036
4761 8034
2802 6425
45641 49229
24764 27898
26573 31798
2459 3700
2054 7485
1027 6760
3497 11537
12156 17137
12429 22402
47035 55890
38252 43907
22678 27192
47076 47423
23468 25748
3826 9571
32333 38994
37460 43898
43180 44738
44694 46484
46068 55447
35162 40552
32785 42180
35515 42893
25039 32240
6501 13169
6392 8183
36478 41847
28349 33459
48485 48828
33930 41878
3899 12318
18535 19667
8277 17087
42648 43715
3367 10408
18948 22868
23570 26855
22774 26666
29083 31774
18324 19127
16986 25007
44322 51053
7561 17108
14252 23864
32440 38965
46250 48815
14088 23339
21280 28176
42705 50618
2651 7105
27169 35730
36373 39082
24720 33701
14682 16715
16417 22934
43413 46851
2472 11282
26787 30419
43171 44751
3223 6521
41053 45254
29248 32064
49215 55555
45810 48720
286 2145
34681 39496
7654 16832
47232 55496
4631 8598
9446 13818
941 1257
39064 47548
30557 35364
29326 34946
14446 20023
49268 54025
22561 30895
42293 46007
46803 46982
23682 27390
3647 4952
41550 43554
29939 34960
46602 55842
36219 42828
46525 51021
1676 1685
46294 49955
16623 20209
33752 40292
22476 26481
19427 25473
31506 39213
47176 54759
24049 26001
32973 36450
617 6932
7256 11497
31488 33269
11703 21659
37506 37672
24209 32148
35467 42188
28951 31330
26943 27383
25528 31357
43799 47987
10712 20524
1982 4794
8847 11454
39758 39995
38236 46388
1602 4968
24553 31666
39646 49546
17597 22594
10708 15626
34133 42379
22965 30659
29369 29594
11623 12122
4586 9559
44607 45907
6938 14095
10927 13450
13925 19348
33654 38812
2444 4632
33620 35462
29268 38768
1548 4926
14141 20552
14486 19840
25939 27547
27644 29218
11628 13149
26463 30654
33060 35972
10469 17123
15756 19600
36716 46081
24294 29349
44537 48159
26081 29464
25811 30609
41918 44332
39693 40955
19404 19909
4430 5195
2997 4852
6244 13142
5817 8733
35851 45254
1641 6873
15365 24635
33836 41379
8929 13424
24820 26991
39480 47908
28637 29007
29146 38904
34294 35722
36270 46026
9093 11922
27826 36076
18209 24035
7313 16656
13828 19727
12022 18828
39921 48453
2383 4686
5595 6337
18208 26640
27300 35129
36647 42973
18975 24325
46542 55560
32221 41786
1925 4703
13919 18313
9610 15900
35833 44724
12331 16543
48296 50082
16492 19992
3642 6253
3737 10804
11103 17354
2878 8985
39631 43187
40339 50020
9414 11661
26397 34260
40079 49531
11095 17227
34319 40473
15935 16605
40493 40727
49051 55403
46013 49698
15607 20996
18797 19651
2001 4183
43749 44890
20653 27860
19103 24839
16250 25131
10498 17659
8257 10951
20796 27655
35706 39664
29092 31461
21972 27792
12899 21136
3978 7952
24934 29221
43761 46044
5121 6000
8527 11959
29965 33323
14031 14081
12294 12761
20537 30208
20912 28396
11088 12881
48218 53440
4064 13001
29652 34812
29347 34390
11770 14504
589 6543
24110 33565
13050 13248
17118 24040
9004 10057
44030 51343
10772 16938
3405 3586
11270 19437
49124 57825
33960 38325
32303 39783
17086 22693
27203 30607
2899 7289
21598 23425
29227 36037
49618 49680
106 9063
16626 17866
28683 30168
39735 42070
37600 45754
43683 50581
21357 30691
9578 13486
30697 38814
16154 18512
15521 17177
10815 11367
4045 5189
27260 33798
3615 3756
42079 44627
34558 37995
36687 38323
19221 27173
36703 37207
27736 29219
38183 42410
22602 26858
2821 8474
13260 16251
17384 22242
49192 52323
38368 39954
41703 50244
15654 25551
19184 24357
45392 50039
27515 34524
37638 45996
2160 9866
23835 27954
38001 44159
19293 25001
12436 18530
23693 31946
28024 37452
10601 13021
44853 48920
2006 10151
28134 35791
10632 16137
33090 35727
5581 5942
35651 43347
45952 48380
35838 37815
38734 47727
18262 21862
46515 54524
48829 52995
19740 26103
2769 5322
43047 52185
41819 45854
482 6309
47692 57026
38633 47729
22698 26887
3063 8195
557 4567
40889 41158
746 751
2124 5460
25733 27198
2748 11426
34158 43958
25978 29123
9432 15087
28708 35566
4048 5571
7927 14050
12018 19204
40828 46235
17858 24027
48521 56259
6139 9651
35573 38276
40498 41635
23525 25564
47127 55796
3792 11960
39088 42335
30531 39034
25488 26408
29872 38017
12138 15077
40998 41983
37170 40789
49177 50986
16947 22487
4703 11885
49243 53226
12737 15498
35136 35240
3408 5135
24249 30630
6562 6684
7924 9020
23950 31559
10571 15878
32757 36431
44468 50595
19314 19544
24498 34217
55 1454
40546 46497
3948 6412
29294 31190
29611 30730
5633 8791
40136 43641
6544 13486
37203 43979
9284 16688
29008 36079
43829 45248
47510 49354
23001 24759
6954 6985
44636 53422
45350 47028
48941 51325
29327 30791
38562 43151
47344 53225
22210 27944
43063 45259
42985 47770
23758 32283
41832 47950
32186 41476
18362 23928
31555 31598
38864 47224
41367 41678
622 5440
318 4297
5288 13198
6737 11220
22592 28037
33610 39447
29745 36251
29286 38687
45374 46931
36302 39209
17315 20786
17121 20269
34247 37728
25482 31482
5860 12455
5585 6206
24307 33743
46702 52675
5599 5995
28356 30414
18782 22393
34082 43410
18808 23952
13989 23381
33532 40037
8821 10759
15545 22702
26667 36635
18886 19709
35864 40321
14415 20324
41013 48680
37376 40622
20802 21731
18767 20726
8477 10995
47239 54399
1844 1940
21122 27669
2662 7711
39755 47987
31418 38197
19666 22862
47902 52718
47430 54458
12357 22347
7861 11443
5012 12163
38402 39514
47834 54404
35232 36503
41512 45096
39007 41704
10103 16374
31256 39955
20619 22767
12198 13431
40510 41923
29808 34699
23228 32255
5951 13635
1953 5863
41097 48709
43974 48380
33808 35909
28075 34478
2292 3986
22059 30490
20768 25450
19162 27910
40882 42124
18671 19837
6866 14687
5628 11819
13807 20266
12722 18784
12593 18020
222 3444
9063 10910
43094 51019
22242 31492
41845 48551
42754 44298
39576 41019
37072 45827
28612 31206
38387 47680
15566 24505
31927 32465
404 5726
17705 17782
24246 31312
41851 49169
35393 37404
9393 11801
40918 46205
38904 39928
14856 15560
33988 41548
10164 19162
9283 14954
37256 43908
3719 6511
38054 45727
31143 39293
17194 24335
8259 16347
11090 18941
49752 58161
2747 6966
11474 21126
39887 48945
34437 36517
29196 35088
23271 30663
37063 40309
37861 42916
220 7293
39399 49358
10561 11483
46282 49839
1288 7031
42204 43118
33947 37750
36064 43599
14029 19956
30121 34364
41486 43529
2632 6512
21279 24834
31720 34990
35634 44705
13805 20993
1400 3296
36071 44926
45455 53630
44717 48940
3929 12214
29800 38465
22243 31832
40104 44347
46012 47132
31817 38445
48886 51715
28800 35359
28498 34603
8478 8838
34923 36901
7622 7681
22527 29320
6365 7444
1655 10396
47680 47786
21538 29325
17671 23651
11397 18389
17371 18747
12405 17583
28387 33857
33954 40601
9994 15787
13885 20946
41805 45856
10903 11447
12137 21886
49011 51237
18691 25358
35550 38213
34623 40242
22175 23741
43041 49087
36083 40945
30182 33259
25604 34895
34709 43530
28142 36028
46773 49087
1889 6997
19325 27997
30178 34779
18356 22480
12780 22183
18757 19829
13241 18784
44277 49040
47323 52290
18714 20769
11144 15088
48106 55709
40257 44985
43394 44804
8735 13092
23923 27356
10306 18467
8630 15188
10508 13955
27549 34125
39958 42051
3040 7900
26666 32353
12276 21933
23518 28919
23704 27594
13651 15749
5510 10034
40071 47000
49622 59398
43514 44160
31003 36891
33292 37633
39906 40045
27109 36415
35254 40291
46187 54491
20565 23124
28168 32738
46561 50583
47312 51293
34866 36431
18575 19143
15093 22156
1735 9089
18487 20522
16686 26142
38740 47392
45727 52676
30567 34146
21044 24880
5435 6006
5558 13000
21550 28281
12422 16535
28874 32933
42770 52569
39318 47009
43805 45492
1026 9313
2348 2594
12612 20587
28725 30079
31739 33327
42034 49291
47306 57297
20757 27344
39244 39804
45265 46843
9802 16997
27002 36391
10994 14984
7062 16569
12408 20645
13030 13428
14118 17158
6378 7897
17287 17703
15708 25519
18358 27416
46387 46456
41026 45085
9931 12397
4041 5036
17682 26970
19264 24938
27851 36527
28901 37500
4078 7182
14468 18772
27222 35540
9606 16576
25068 27785
4560 13937
40153 43948
1687 5219
25741 25982
30892 39315
46255 48751
46853 55107
23006 24177
36555 40999
7215 15829
41284 44665
1070 6134
34636 37885
38464 40989
15677 22302
32045 36995
19934 26588
28226 33696
46055 50397
36015 39249
5605 14312
40828 49594
47430 55513
23899 25293
12248 16906
21380 24572
20941 22374
652 4002
41078 45933
48105 53916
2630 6964
12038 20220
44926 51414
28440 35175
12367 13010
5298 11261
47412 54639
49713 53499
20592 22810
14741 19230
22000 22138
27314 29451
43726 46381
13334 14414
15783 21064
736 3031
21861 24292
7156 12864
14747 22940
20353 26129
47764 55886
8400 10663
28778 36554
49087 53134
33333 40336
31944 38205
34265 44170
49425 52196
10993 16713
29625 38248
10908 14201
8407 12748
38449 44631
18482 24952
22511 23218
26047 33905
31140 36690
42675 45955
20683 27789
36283 44936
20683 26947
30077 32067
15961 24512
42428 44732
31867 36389
43562 47642
27168 35465
38765 40059
5083 14882
34348 34686
14708 24365
45234 46375
7247 16303
44105 53161
7562 14643
20665 26824
35367 40661
49922 50006
24974 34234
41756 45985
30811 32046
35358 44564
3261 6253
18609 26738
9063 9767
35059 40246
48496 51250
42676 42919
33698 40207
501 2560
5512 13745
41540 51090
14540 14845
42745 42871
30226 32364
45789 51743
39103 46168
18964 19777
12599 22274
20196 23657
34943 41271
49117 49368
39041 43533
2795 7457
46320 55343
45482 45683
31705 36929
28037 35965
8009 17176
15096 17686
16610 26591
11662 21035
15282 21316
18619 27333
11054 17846
14616 16953
14611 18886
23164 30973
14790 22884
23758 28829
6352 12596
27021 30568
21985 24400
22542 28461
7686 10730
7244 15496
23515 31446
47474 53636
3175 5681
18763 20381
11915 15877
22347 29963
34404 41579
3481 11508
32445 33555
39325 46586
1691 2164
45482 52234
42300 49557
32816 41658
32054 36354
4438 4907
33105 41377
46072 49677
17193 20460
4820 7632
43005 43582
46046 50899
38462 43845
19677 22324
27130 31032
23899 31448
5333 6456
45662 52945
30662 35655
32568 36045
142 6965
32329 42009
7939 10380
38060 45807
42241 51162
48480 56775
30749 36950
26057 31655
8398 9034
9490 11655
20619 26284
19061 27947
13952 20020
25106 25946
8834 18639
19584 21945
2342 11945
5041 10838
8548 17548
38726 43191
38752 39739
29294 35450
38192 42636
46997 49310
7893 10129
12647 16415
15416 19544
19724 19788
5527 5567
47427 57303
47428 49856
8955 12477
9465 13424
31140 40970
36162 45551
36008 44226
49551 58205
33697 42034
49161 50704
8516 15947
43777 47184
26183 26896
44914 49415
22391 30345
16124 18545
47199 47411
19178 22735
28597 28808
27528 32271
2179 9024
43095 44806
43957 44740
42795 44652
36040 39654
9328 13683
33584 38098
12413 12734
42532 43940
12067 18366
17951 25806
23291 32924
33125 38131
32560 37175
23934 33558
13501 16498
38668 42056
19216 23775
9903 12242
1674 9554
15681 18778
44378 53549
43774 51933
16961 17689
37621 45571
19223 28112
28617 30978
33737 34480
28367 33359
33005 42870
26394 32235
28163 32970
27187 29335
16512 26510
44378 44661
48760 53227
32070 40389
38731 45460
8624 17776
15821 16085
567 1271
9118 11730
959 3247
38012 40738
38623 46945
6306 13965
9713 13355
21270 31229
19542 28664
15189 24007
20222 28463
40791 45777
48764 53193
11610 19663
34616 35600
41903 50581
28254 34951
12207 13690
1068 9414
34002 36775
36348 40844
40017 42126
10275 14190
34052 34431
32143 33060
19865 23585
34047 36306
34285 39093
46078 47441
16773 22273
39479 42030
24630 33656
1963 4369
36535 44988
25468 32990
30650 34931
48174 50038
23699 31723
19675 21604
15421 18076
3951 12564
885 1305
32785 37713
34269 37771
15463 21068
47261 51772
23206 29230
3378 4016
47447 47735
4391 13670
39698 45346
24666 26808
954 5929
30848 31818
9413 14988
448 4203
43881 53242
17599 25727
21582 23749
48958 56413
29768 38210
19890 20189
1030 7302
42713 47857
22174 32022
13717 16049
19999 29455
39867 48299
17474 25306
23442 24533
1553 8545
38993 40389
34584 35686
45603 45951
23807 24428
14414 14600
39224 46582
418 10223
21820 24516
43006 46617
31234 31660
21465 25152
44982 51625
18849 23547
30704 30729
34714 42899
46107 50906
15148 19504
7641 16211
45586 49219
41569 48613
46385 47157
11190 14154
2442 10129
39600 42870
6585 11459
8562 13678
14693 22824
3432 6372
47732 56453
4493 5060
20343 28390
21134 24852
25118 28610
28649 31012
44337 53016
6904 10169
11549 18143
42416 44917
671 8514
14852 18335
19633 26859
28865 32893
47101 51199
6249 9780
44391 46135
2521 3180
2662 3639
4003 11257
29026 33296
25443 33398
15823 25501
34915 39851
7372 10913
28613 30087
45277 50714
38757 48717
1485 1753
25972 29697
21793 26505
20100 25920
20793 22023
9831 12913
24609 33481
22158 24206
17710 17818
34213 38906
19382 19718
32735 35183
2494 3706
38417 42361
11344 14286
41682 42932
31540 32585
26848 33647
44642 51250
38309 43860
7516 12675
46007 46447
17129 24581
19441 25703
7494 15958
33885 39015
43905 46251
14879 15615
36851 40609
40154 45687
5608 10381
46423 48908
28736 36439
2910 12450
14122 16806
21778 27162
43724 52042
539 7382
34078 34235
42355 50283
31390 36464
48983 50536
10436 18880
8281 12616
49280 58165
30670 35111
37264 40023
17983 19779
8276 17751
5157 13163
30919 32517
24517 29483
29159 29369
24957 25484
10436 15981
10451 11429
20563 26486
8819 11864
28896 29429
10041 19588
23205 30032
20247 28379
45377 52719
27944 29140
36817 44687
43249 47165
12838 19327
46056 46837
28409 35680
5545 7835
9678 17311
9763 13566
25352 29912
34610 42650
49835 53210
22293 31798
21616 27907
49201 53680
41143 45352
5890 10396
16948 21852
18886 22597
11729 21432
20707 27349
46107 53407
29795 31212
39279 45521
124 6425
14008 16995
6114 11585
5544 14451
31876 31897
28705 35707
31224 41181
46821 47421
14840 18759
11417 18535
24986 31208
18035 25653
41485 47733
10386 15268
33169 40805
7494 16524
16848 17293
7529 10274
4985 10001
42921 50655
40124 45295
25885 26640
31206 32058
2282 5125
10457 16458
24484 33017
38645 39554
46212 46366
1742 5632
26487 26790
39274 43766
19660 19784
28925 36556
19781 20801
46478 51683
48989 53208
31303 36108
34235 42558
41225 47865
18895 20180
25985 29215
15037 23162
39403 48307
14279 18858
15416 17460
7005 7390
37365 44731
8414 17972
6238 11324
39461 45349
20747 25106
507 9874
21725 27982
729 7638
12650 22388
13830 22888
12813 17520
38837 40930
38513 42825
17025 18410
36866 41174
18747 28310
24329 25237
35417 38260
44084 53966
46802 52452
25315 34072
22665 24550
32511 37394
13210 14428
24700 28030
44030 46600
42423 43197
24812 27318
14097 18658
48917 56966
46686 48350
40796 42039
21488 22713
30841 37591
8756 11790
21131 29070
849 7161
16944 20975
39399 39972
17434 24585
30166 35717
26510 32450
20846 26020
15253 17320
19250 24777
11967 14922
2761 5019
26621 33942
11959 21215
30827 40411
36211 38734
28184 35876
2326 6524
13616 15527
10228 17030
38999 41419
21590 30561
32306 38480
31950 33271
10458 10836
5061 13116
8419 10749
44914 50839
34179 35832
4025 11963
15188 23866
10861 19114
44461 44604
35284 39361
6406 6735
37119 44979
24394 30091
18195 23988
19758 25274
12938 17189
4094 13137
20942 22808
49898 57317
38684 38687
14051 14070
45939 50960
17488 18698
8231 11052
20858 26000
20173 24733
38735 42568
27114 35410
40116 40453
6432 7118
44483 45407
3286 8682
2558 5448
27362 36233
19933 23572
21809 31629
11365 11389
723 10348
30693 33968
45222 53973
41951 42192
24184 24893
19711 28927
42548 45736
10214 12238
15427 17822
39005 47784
39560 45355
42460 47669
16788 24782
22433 26846
27448 28683
7680 14214
43325 50610
30107 35229
41999 43105
16855 17537
26311 35623
22998 27081
12652 14580
4706 12253
18890 22117
15368 23538
48277 58088
29897 31921
46345 47419
25606 31069
8837 18754
44805 54250
26865 35058
44724 52359
41616 46083
21331 21392
15320 22159
24118 25493
18199 26828
3785 10767
29723 36832
36396 43306
37894 39563
8223 13981
24954 33953
14695 19153
48185 49483
25655 25915
8989 14602
25061 33757
44678 47502
29409 34836
31469 39730
28097 31954
35912 44902
44797 50441
3720 9801
10640 14026
28950 31620
15494 17700
38708 40366
40721 45154
4386 6282
47436 56570
46427 47965
19708 26417
42846 50550
2201 6685
14739 20042
8888 10257
49780 52136
14108 19029
35993 44488
26663 28361
28776 29021
33214 35316
38391 44376
13268 22717
1105 6934
24424 29457
13343 16756
19195 27769
42655 49864
30780 39553
25766 30029
43050 49498
1794 4053
44480 48090
4424 8715
23310 28355
39492 42628
7957 11123
34899 39435
39927 40230
9759 18182
42571 42691
21329 26644
21958 25992
32813 37963
46369 50782
26754 28508
821 1716
27421 34339
27819 33275
48404 56719
7245 11847
29479 30591
13899 18549
10926 18413
19312 22690
9689 18039
32204 37732
29800 33039
33588 37424
1545 3154
36726 45329
18395 22895
28950 34199
38637 45990
27785 34903
31767 34663
39673 45857
19266 26975
26973 30987
25857 31487
9473 16454
8402 11445
31210 40831
38300 41144
19539 22986
3534 6995
19952 24563
33587 41446
34135 40486
29150 38710
31142 34386
42851 46589
13279 17382
31257 38596
25707 33763
23731 32772
48725 54963
43068 43852
15075 19430
2994 8140
37383 47343
22572 30586
6291 8241
43615 52664
24483 27988
49204 56437
42372 49946
30710 36983
26308 33594
17518 18598
27324 29446
3292 3490
3717 11039
11160 11403
39031 46776
17785 17985
20495 22683
39980 46092
24176 30098
8186 9999
14558 18558
46102 52451
46230 49297
23258 29357
3968 12372
335 6102
31611 40500
19975 24593
34616 41985
3352 4221
12630 20119
960 3847
40085 48756
40706 47028
6452 6831
45712 48279
29724 33131
18204 19423
39167 43190
13085 17420
35480 37019
9911 11429
22262 24610
11849 19533
31724 39086
8425 16861
8610 14547
41587 46878
37920 39995
37076 40585
16517 25753
40367 49129
1480 6585
26153 28323
7481 16614
5636 10960
18249 24704
15864 24497
10416 11241
37911 42179
14324 15679
21872 29413
31115 40937
48714 57335
26234 32049
37927 38841
36142 40901
18526 24322
18518 22618
30073 38345
3119 11957
4184 11545
24925 31374
9088 13700
43488 44356
37955 40433
9779 10344
21818 22804
45208 50706
45030 51241
33350 33857
33132 39696
25919 29434
40684 45610
15092 22775
24693 31227
36256 43598
20094 28141
907 8680
32750 39483
42424 46690
18077 20357
48893 50104
30562 39528
11436 18219
38452 39356
9429 12111
38353 38532
41163 44604
4421 6037
36226 36395
36000 39087
9423 12768
23586 28299
9890 18238
17241 21742
31963 41791
20585 25613
35449 42372
12935 20784
43931 51179
11576 20767
41559 45021
41161 49333
37595 47489
22325 22943
44340 53061
8260 17803
16546 20028
8793 10522
26354 29731
34193 41069
28065 29600
22620 24176
25478 27142
35741 37336
44363 49858
3348 6319
33430 43100
6189 7656
41502 45661
27072 33762
7014 16667
29248 36574
2228 11949
29851 35223
30493 40191
16418 20555
26555 32435
49478 55778
32034 39767
750 1085
38964 40157
6767 15661
18270 26403
11627 18299
3980 12523
32206 37820
35474 39299
38748 44934
34694 44028
49219 59007
19317 19687
10462 11308
17676 22047
3081 7366
21227 22503
21161 23197
12196 17298
23168 28001
24230 25117
43688 53131
15888 16950
23023 23116
17989 24225
5027 11952
5995 11022
44017 44477
7323 9780
38348 43112
8058 10076
33576 41056
12792 18120
29789 32885
27451 31462
42165 43844
42859 45028
25533 32656
22932 28279
10282 15142
47855 51138
46245 52018
2788 10310
2961 6344
19885 28049
27659 37322
4310 13923
47590 48313
25139 26597
979 7612
43222 43516
37544 37592
1355 5255
4255 11231
2795 7859
46124 51191
52 6080
35766 45503
34047 40640
27261 28347
43119 51967
11203 19118
23492 31093
15495 19895
12586 14671
15402 16410
35426 42616
24410 28146
11833 12722
22409 23400
25203 26626
44395 47595
32022 39080
11393 21216
28387 29363
33325 40312
39321 46113
20667 23057
13045 20941
26278 28397
13501 22603
30448 30731
38752 38868
33408 34698
15808 20938
49474 49694
28160 35219
5677 7010
6064 9324
3426 12310
13897 14115
26683 35185
8441 17854
7691 15257
27773 29920
16205 23798
41975 46973
27006 34995
36808 44600
1872 5667
49595 54933
37055 38370
11940 12791
33502 39208
46205 53191
29063 35411
9649 18219
14791 20324
30035 39468
40020 43005
44690 54667
3916 4616
13561 22808
42165 50210
2426 12415
32785 35300
46804 53635
11776 19197
48278 53088
31178 32361
14806 17558
15677 19294
14289 24176
14315 21489
34567 41648
11471 21040
4620 6944
41207 42817
989 2070
38868 46235
496 1400
41028 41092
42568 44120
28456 33186
7709 11952
47265 49020
35157 44785
3123 8445
47288 48193
4399 13597
434 8427
23725 33538
9739 12834
7302 12055
40073 49032
20725 22704
5507 9305
22267 24615
42736 48001
40454 42214
22436 22918
21844 22420
6636 7024
48803 56880
34841 43538
25751 34490
37610 39142
14389 16798
22027 24217
46571 54472
24558 29394
45681 53998
36723 44278
36299 42634
29305 35161
41355 46479
22280 28869
38375 43822
33334 38939
17925 22872
20975 28019
11931 17601
44038 45062
29960 34080
12949 17299
41907 47464
39051 41562
27951 35714
3807 11769
12231 17277
13310 18401
24713 24983
43351 52248
20356 26674
35682 40513
25171 29156
18825 19100
44913 49786
48230 56657
34080 39538
9038 17233
405 6501
9278 9615
37186 39256
3706 10389
7157 14111
36827 45301
35674 36528
23872 29465
13169 22374
22408 25947
13495 16577
11827 20552
45279 54277
14603 17767
26346 27073
39143 40780
27158 27334
18156 18162
18235 24785
43993 48701
6684 9012
28210 28868
49808 50133
25274 31362
38000 45984
30340 37158
1968 5765
26619 31082
30260 34473
38842 42584
19411 28133
44485 46090
46778 51775
23663 26468
16581 21844
6446 13239
48046 53882
686 9497
46133 48368
45061 51464
37569 45598
21063 29565
24950 25117
26031 26155
2985 6819
21107 29032
39307 47249
16300 23382
1960 11511
12466 19689
37650 40946
22802 23998
3049 6971
18126 27297
8238 16804
33720 38801
9005 13593
32473 36419
83 3251
38328 43893
28928 37555
11661 20524
5165 12026
21316 29272
14740 18156
25226 29325
22088 29923
37239 44025
15955 23639
14169 20603
15390 17640
8226 14609
20707 28782
234 7845
38827 43834
12017 14344
49333 52888
39670 49165
17013 22704
40141 45224
23639 32136
28561 38468
48721 53473
29510 30490
34565 37047
32856 33610
30254 38999
26381 31370
36137 42677
46458 47523
37729 37922
1236 8635
25660 27057
11422 17372
14066 14580
11353 16975
28322 32671
15982 18639
29685 36889
28660 34474
26308 26588
27835 34114
4411 8067
41458 48757
2535 5953
40596 41964
41061 42306
41656 42168
35856 36765
15966 19842
22518 23869
27600 28791
37081 38460
34697 42364
8489 11167
4182 4295
33647 36843
1390 8482
44913 52040
9396 15099
38119 39121
18905 27631
35933 40707
20672 22084
5962 7002
20027 22310
38234 45856
27024 33620
46821 51904
23094 28880
42037 49119
22041 31474
49571 58227
43983 49418
24425 24738
27433 35744
35967 45686
8627 12997
38555 42344
4269 6695
12324 14096
22417 23471
36803 39334
5461 6883
25229 31682
11640 15358
26991 32290
22363 28283
40029 41387
48497 55598
10639 17413
17285 20587
43311 43777
20271 25613
719 6589
15909 19850
2254 4012
35421 41276
16481 19930
31552 35167
12369 13043
3170 12831
2754 10247
16433 23391
47765 47993
46321 52400
18743 20599
9513 13697
37761 46792
48715 56494
8589 9308
27010 35072
33122 35862
44070 45558
24223 34037
45401 53521
30178 35380
74 2220
23875 25163
573 6596
34083 35526
33461 35806
40137 47169
3588 3999
47512 49975
44861 48983
27492 32770
5653 10046
3927 8757
48251 53722
30528 33772
39085 39144
40254 47953
8157 10118
36889 39079
1984 7390
21270 23477
26128 30036
40642 42400
22050 22798
46198 49484
6941 13684
1080 2673
30901 35295
4142 8283
23660 30044
34585 36039
22129 31896
16373 16533
4477 9051
39510 48400
46813 53841
2260 10808
24569 25860
26274 28940
26911 35400
5892 7250
30720 39066
24864 34369
15331 19343
9392 10817
49287 57664
45908 51276
29353 33854
26095 28391
44319 50241
24554 27990
7121 16744
36626 41665
17397 26642
22290 32089
38099 46685
36527 44296
21061 23695
12037 16236
30015 31306
8743 10475
22629 28896
35438 37004
37059 42876
35106 43341
36162 43233
12109 17623
19220 26624
31845 33682
43202 50399
10936 13148
15202 16428
24221 34184
31238 36198
441 4052
6085 13003
9485 15862
14635 17722
22076 28413
22176 22894
34900 43086
26357 31973
21186 21863
47811 56883
40377 46147
4618 9214
36975 42324
49827 53738
12194 17888
29720 39372
10719 17627
43479 43852
44266 45249
8346 9379
39007 46883
38646 43763
42276 45565
15480 18131
14165 21811
1420 7035
34180 36422
14255 21293
8834 15585
17350 21789
40258 45585
10494 15693
15278 21209
12101 14250
28880 31727
49851 54826
15301 22174
7831 15470
30004 36912
47625 49342
43178 46191
39326 43733
40390 49493
46709 50084
41302 42734
34703 40917
36439 40667
13583 17148
38467 40892
19285 20285
31663 32031
45156 46648
18421 20549
46991 47559
33928 43805
10377 17525
25168 28210
35130 40279
28282 29197
47158 47671
28946 31824
47824 48439
27500 30557
38068 43355
2810 11656
31094 39003
15027 16906
19192 25340
44189 53598
16338 18267
8018 12412
8795 14903
26156 29633
25009 34299
33166 42873
47731 50633
13951 22191
48051 53158
49890 58117
35074 39269
852 3922
37747 45889
24612 26100
10462 16032
19268 29262
21044 23997
5384 10384
37791 46316
9363 19120
26421 29522
10679 18456
44170 52813
49226 53757
42139 52130
17332 23891
5387 14863
22642 28276
3704 10563
21421 25254
5609 13762
47374 55963
33087 40166
12014 20423
27158 34851
49 2737
17675 20376
6725 13774
10570 11992
4751 6593
29739 37001
31689 32850
7296 12282
8776 13969
25404 28100
11510 16276
3942 6424
22091 29743
4232 12554
34293 41071
25951 31182
21871 28426
26425 33947
24664 34316
37490 44241
35519 44902
16149 22354
42584 42864
23530 29702
41098 47036
15293 20103
41757 47429
14997 17485
49108 57699
14247 15377
19574 20154
19278 26044
4522 4939
12976 15113
15140 24949
4709 10360
28931 31639
405 2343
35936 37875
26532 28681
17900 23039
22005 23724
49704 57552
40867 43491
44960 47551
9094 9757
5471 9598
11366 20867
21303 24894
42610 51144
40598 48378
47700 57440
14370 16931
48272 51973
15527 25206
24395 29313
18848 25827
32623 37984
34647 34986
42177 49209
7695 12538
12247 16369
47639 48063
39951 46266
21782 22292
38414 41315
46221 53614
43734 48067
31211 39555
38397 40088
28490 37624
46269 47917
27687 28017
46984 48216
2474 11329
48813 51672
38994 43186
43684 51900
43186 49200
15350 20238
24530 31906
11343 15845
45402 55065
14970 15478
42661 45434
17719 20886
5122 8376
6506 11443
16181 18695
38964 40870
41185 48726
13092 13788
24771 32556
2074 11525
30183 32334
2422 6278
4815 7456
46864 47566
41618 44432
11278 14693
4716 5909
26539 29171
22619 27291
35911 40109
29441 31056
24085 25738
7351 8444
2710 4439
14462 20302
15040 22738
8923 9816
2804 4089
36640 39056
30406 39401
13294 17437
29645 33134
33071 34316
37926 38982
9573 17283
18466 21581
11478 17675
5309 8077
8030 9644
39884 40425
9439 15574
3902 7968
29079 32806
28155 35383
27883 32464
14607 17443
7016 8848
23702 29348
16716 17878
24268 25635
41033 43629
41333 49019
8388 12741
33758 35004
25064 26532
32241 34165
40283 49867
21501 25271
16640 20348
6454 12970
8433 11066
49282 58161
21105 21855
2898 12464
23043 24633
1708 11618
27469 30181
41519 43149
25235 26870
20236 26154
38816 44740
27094 30528
31736 36910
49634 56571
47728 54275
32920 40275
26325 34786
33181 40530
12275 21844
15894 24581
14522 16498
3894 13404
26708 29102
28815 35423
40600 42146
1386 2796
32436 35896
42018 46630
24312 24825
5715 10958
4415 6554
35004 35392
25179 32468
3943 6610
27239 32801
40821 49000
45113 52644
47053 55161
31320 39657
5496 8158
1673 6912
39330 48904
13866 19101
23060 28164
2739 6463
25896 32603
48733 49208
26340 32110
12472 13844
43321 49353
15857 18735
24437 33003
44350 50855
38960 44655
31922 32276
23263 28187
36785 43311
30488 30742
44246 47163
19823 21297
6827 11788
4107 8120
43873 45477
1992 6625
1119 7461
34609 41086
40181 44782
33892 38195
38065 38347
28425 30096
29053 38526
38197 43590
32323 41134
8260 9458
19387 25993
4298 13683
14823 19330
16219 23305
11495 20004
48331 49813
42032 46679
24024 24931
43884 51889
48003 54231
7543 12935
33241 34667
40463 42339
34161 34587
17898 25947
8364 11275
9717 12520
12697 20451
49856 58381
8845 9122
33343 34611
8938 9403
37277 38929
15533 18704
28264 34716
29423 31577
32406 39790
20266 28320
27926 29476
40269 45389
676 2183
41869 45158
16299 22165
9300 18887
472 9064
32649 39314
14170 19965
33630 43226
20557 22926
42488 50214
23765 25714
47124 57060
22116 29372
3487 13106
19268 28124
15532 17151
46759 50624
27447 34130
45799 54441
41562 45718
43630 53612
21351 23659
30722 31893
39197 42418
44493 44603
49541 49622
43883 45108
11997 17094
23007 24842
43325 51304
37756 42005
45859 53945
2391 9780
20667 21313
31259 33437
5769 9870
26702 33175
26001 32145
41440 45607
18655 23651
16771 26078
49306 54739
15534 17834
10206 12760
32588 33313
34513 40220
43508 49164
35500 37926
46127 51438
22143 25424
32218 39158
17740 22717
41960 50260
19488 21898
18581 28389
11615 12439
16052 19393
11395 13042
15608 15698
40293 45431
6457 12320
1828 4521
24551 26511
39569 43410
29841 32910
8663 10084
34230 40251
45982 50576
11135 20322
23300 29380
48755 50010
9827 18376
44672 48411
17828 23860
2866 11719
11071 16896
16394 18737
25103 28608
23011 30104
2488 2521
28777 31289
29913 33032
13473 14519
2330 9980
7455 10994
12947 22480
17788 23129
37306 44872
36605 38980
25491 26531
8210 16950
23795 25055
3103 7392
24400 34167
36916 40510
21789 30969
4488 5860
12994 17766
26438 33878
43533 46033
38332 47081
33350 35506
45105 45284
40323 47035
38853 46471
32971 41064
37732 40034
13107 14885
817 10255
37753 40430
41762 43327
27982 33412
41149 43985
25847 28796
27515 36866
47307 52004
45355 53301
21398 25951
11919 15146
26956 30011
9118 17828
39668 44474
14945 18326
28331 31839
34256 35523
2166 4007
51 4941
24264 31544
2611 3987
39577 43540
28422 34208
27873 28229
46145 52887
11038 17929
43525 45473
12511 16773
21670 22704
38685 47571
30524 33321
7407 13880
27591 34611
27315 29490
49950 52790
32645 40445
20692 23852
29016 35913
38504 40006
1575 4796
11883 17253
28637 36022
26102 30880
34325 36721
11393 20265
8099 12978
5054 11986
4500 11252
37982 41323
13934 22678
19241 28825
29743 31380
42620 43010
36074 40379
35386 35729
23172 29879
8494 16019
32380 36298
37396 41650
21791 29839
509 10202
41371 44948
45610 50313
42488 51887
11626 18093
47256 50312
3977 13485
35431 45265
4542 5467
472 1278
28992 37654
19457 22394
38706 45000
21954 27751
15630 20881
9559 11583
21710 24761
20331 24442
20746 27295
30228 38890
1260 9940
37523 38340
43481 47770
35595 36849
2084 11423
14751 16164
45589 47082
35919 36892
18711 22740
48349 51167
30510 33749
31993 37923
31902 40947
43624 45582
40129 47302
18061 21657
1240 1590
38548 47780
28938 37670
17148 19486
30461 38867
24150 28772
606 3516
18674 27213
14154 24064
41638 47075
46079 51592
8774 17993
2596 5124
6986 11836
10646 11381
25801 29230
3680 6922
33408 40042
30076 35559
483 3417
27289 35232
13173 22916
30343 35519
18667 20699
15637 24681
1230 3635
28659 35703
7951 15906
45484 51829
25630 29727
35233 40621
45548 49802
36333 38188
7247 12041
21240 24910
11651 17869
40426 44046
18929 21253
6729 15628
12545 18472
37107 44924
34346 34940
46202 53308
37975 41948
29526 31599
10027 15851
22546 28496
32871 38987
26000 34534
37849 44649
25383 29192
18169 23363
42703 46550
38391 48258
32659 33861
650 10365
26233 26438
46397 53467
19390 29015
6505 8101
26038 29715
33374 39695
1969 8837
1062 8928
10636 12591
44918 52138
29533 34947
24766 25983
43410 47626
37981 45962
10629 17962
26824 31139
5941 7748
13311 14581
45554 45613
41399 50930
48842 54751
23654 25080
20505 21214
3261 9930
20071 23227
39184 40161
12032 12621
35327 45215
37631 37671
31141 37824
37859 47385
34715 43189
21757 27768
26844 33202
32840 34040
24007 28875
42055 47556
7567 11679
5033 9601
17640 26174
8687 10384
31761 35511
14857 16727
31105 37738
12111 17986
49630 54415
22947 30375
36861 42664
35754 44886
31566 31989
32319 37803
22928 23912
38737 48718
15180 17189
37856 46037
42499 49640
2868 7856
26004 26979
21153 26732
28789 37124
39583 43956
277 490
19009 26794
34918 36388
25640 28193
30838 37985
25976 34646
7084 16590
17174 26920
20461 23724
10074 16881
28635 34760
32456 38529
24879 30763
3589 3667
49858 53873
49934 57935
23372 23979
36382 37355
4176 7768
34025 40712
34549 42671
29141 36531
23110 28510
18157 23333
314 1523
31271 37203
36782 37736
6719 14085
25631 26953
36473 45061
20698 30228
41342 43506
28169 33455
14994 22888
28349 36049
9399 17849
49692 52730
39523 41635
19924 21041
36991 39790
9227 16362
10061 11356
19631 20496
9371 10348
18439 23422
34839 44421
29840 35517
45902 55815
27190 31443
37656 47518
19261 22703
13248 21649
25805 30754
34625 34778
11913 17645
1192 8637
2393 6684
16521 24894
40742 47326
46291 53986
46725 51902
40043 43442
21896 23886
41022 51011
29232 31397
27003 36396
14349 20622
23737 27183
37049 41256
26654 33679
47604 48518
21070 27223
31694 33274
30600 32821
43298 47167
26608 26670
32701 41684
17081 19460
11150 11764
3623 7769
45616 51534
25117 28805
3500 12044
21947 30209
13237 17381
47075 50326
37464 38630
22472 26721
4731 9319
25102 27418
8928 16210
43664 53272
18952 19436
26187 28414
34013 42490
41467 43287
48381 51254
18233 26671
31189 40123
5106 5606
29359 30419
10015 13602
33776 42083
49517 55369
42852 43855
38659 42848
39032 45681
20917 22734
9888 16766
17899 21666
2768 8657
1988 2995
266 2268
14214 20703
132 8396
45501 51045
2417 9250
36349 39780
37313 43408
14434 19271
2999 5526
36977 43990
45071 52073
4701 13159
30161 32811
34511 42054
31147 32095
20250 22368
20637 25168
20842 24801
32740 41777
15878 22195
14386 19727
10049 19696
28232 32797
16660 21394
41281 44087
18045 27665
43979 52774
41521 46059
48679 57390
43408 47692
17502 23647
11895 18573
38098 41789
47968 51404
47591 49417
48349 54542
11937 12777
4826 12802
19592 22371
6811 8051
40987 43735
4402 9682
48701 49156
14172 14275
28443 29601
49203 49776
16831 19614
29421 36128
9120 17521
12411 17779
14949 20412
25632 30380
44034 50141
45525 47719
15866 23571
6183 11331
9982 10210
45489 51233
45150 53829
33646 37524
5523 14535
25404 26107
14692 17616
5792 7147
7096 16277
4896 13253
5188 9119
24305 27027
36590 39925
39833 45615
26145 35956
41465 45251
36469 39687
29120 30753
34392 42028
29313 33102
22089 28264
8550 13607
4439 7711
29714 38452
43566 46157
23915 30179
3001 10523
21980 25670
32323 39113
42132 48562
32094 39944
38222 41888
3288 11373
42925 43511
35732 37341
3825 11911
32765 41066
44501 47582
20327 21389
27169 28984
28555 33781
21885 30450
41434 43685
39897 41119
35135 43838
45247 52242
24194 25727
49565 51688
42554 47982
16546 23437
9171 13057
19229 21553
23434 29819
36840 42989
41194 45062
615 4151
35227 44780
27774 33388
44716 48011
16633 18464
22168 31272
30696 39202
16898 18427
13406 19161
5537 15352
7118 12836
7909 8563
40020 45584
25740 32357
47163 47264
47563 51817
46081 51156
9490 14953
21635 25932
44029 45051
17168 23870
20107 26333
39908 48796
7578 11270
25703 28961
5448 14965
5216 5685
18118 24323
15114 16279
48827 51263
28213 31001
45678 53620
276 8830
176 8905
47840 49234
26469 28214
13709 15972
37872 47536
42179 44043
43089 43738
31962 39908
38124 42096
43790 49386
30816 36212
21910 31225
38165 38756
28583 36461
38193 42503
10651 12847
45188 48085
33593 37597
48416 49593
25789 29768
19100 20809
37127 45215
42525 43625
46503 50111
49836 59467
25138 26289
37500 42354
44226 44563
43262 47957
49203 52681
10874 20613
14967 19202
28452 30112
19061 19575
5386 13953
945 8624
2630 6146
23683 23904
33474 36075
26412 36355
36305 45022
23107 26240
23172 25036
38512 38590
28359 36019
26416 32932
34530 36259
28591 29595
18205 20351
21156 30263
39259 40751
10682 15410
7700 8737
14579 22528
23858 28502
22906 30618
15508 23939
18291 19727
1686 9056
18395 18872
28876 36444
12767 14215
22720 22859
49988 58644
31761 35132
17360 21660
18985 19869
43480 45749
41858 43195
7393 13515
42685 42766
38947 46321
28539 38171
37126 47051
1481 8530
35308 37324
25059 29298
43152 43199
14134 22137
9477 10735
15280 24523
25599 28774
21682 29571
39847 40207
26446 30504
9970 15110
18360 26559
29532 34654
10770 15678
32097 37183
9171 14582
2101 9085
28963 32514
49936 53622
33184 37518
515 10192
31134 37961
26344 34421
7658 11312
39345 42325
22843 27449
47454 48349
5370 10301
43744 52268
4682 6267
24320 27190
39824 40975
8377 17381
35328 41591
4803 5477
9028 14914
215 7215
13844 15303
24328 30072
25529 32675
705 3360
9280 19124
41150 48409
2847 9623
24542 33245
9085 10585
21360 29209
27998 29801
44626 45107
47055 52046
45253 46879
17455 23417
23874 32642
12080 19100
6959 15273
5881 10239
23703 31302
14678 18358
26240 35309
9682 19304
34040 35483
21838 31630
14385 15517
45970 53159
28575 38329
44306 51797
34928 35162
30881 31067
22390 30173
46098 49943
29349 30551
38893 41350
48968 50487
27349 33688
23821 27705
48268 52854
19830 21805
13032 23008
49691 58943
5286 10262
9320 12450
21922 29314
24391 33854
39546 42687
15882 20931
13948 18641
48084 57111
41928 50778
19430 20806
41013 49339
19728 25867
34418 37246
46230 55661
21358 30923
28889 33824
25807 32949
33201 41927
9312 10369
3914 12486
41088 41837
13166 14320
11382 16358
8648 15002
12407 20154
1767 9380
43733 44025
10205 14092
11755 16752
2346 7608
44706 45141
2781 11664
1492 3764
10448 20126
49586 53215
41691 49986
15771 20846
26228 33773
30195 35428
9710 16104
33412 39360
9722 17052
19779 24640
4093 9799
11715 17971
26462 27565
21357 22389
47071 54910
881 4632
49235 50600
13938 15190
12058 12234
15771 18625
3106 10386
12624 15374
10579 11393
22346 25152
37470 44767
43209 43905
14558 22564
14994 23146
14750 21553
17462 24011
8208 16325
7324 12310
16229 20464
45352 47838
43526 45292
676 9739
13819 16457
6122 6166
17569 21388
43196 44782
29695 34151
679 3144
38760 41446
30086 30808
1585 2924
17661 23430
2136 10864
8815 14477
31755 38790
19140 28145
14437 22210
14309 22837
49403 57999
764 1943
10550 11937
19923 25469
32125 36909
16907 23281
30823 34160
40884 41208
39215 43285
32184 36636
25678 28737
20593 29035
24397 26627
35931 36151
43701 48018
37759 47376
10287 19698
17569 20556
501 6286
6949 14128
38961 46919
692 6315
40036 45006
31493 31848
22835 23786
48632 50875
40050 49692
30210 37276
41152 42987
44354 45733
30180 35129
14995 23773
14565 24453
19729 29474
18808 20653
23027 24835
28032 36269
23109 30026
16973 19836
30049 30826
9468 10826
9814 12291
46561 56010
6701 8951
17794 21527
43565 50701
30385 35485
44181 52666
2256 6008
36176 36570
10367 19775
41376 51267
14715 19918
1304 4599
49241 49927
34020 36348
38408 45992
25878 31027
46443 55053
5819 12950
16960 17501
16988 23399
35298 43266
1690 4352
25373 28541
22694 28447
22196 24678
9644 19634
26660 30641
39499 45388
3807 3886
42142 46257
24279 25685
27910 35455
4055 11406
48430 52876
46506 49630
8363 16033
11402 18392
34255 41818
49519 53908
44068 45466
33618 39585
17183 26779
3453 5487
41493 44577
7018 14552
31610 34064
31199 39711
4479 5442
14871 15086
22274 22844
8983 15214
2191 4437
48283 55209
44066 44800
31694 38747
17389 17605
38223 41844
6819 12940
18643 26074
4882 10948
28818 35354
13337 20832
17715 19473
11224 11465
3803 6085
21396 31247
38409 39084
39030 46600
30059 30315
34315 39205
7642 15316
38464 41562
4938 8732
14854 15864
672 8444
29135 30017
31215 33171
15277 24284
2947 3111
24416 28024
37469 46637
1191 10203
12714 14779
6267 12355
35552 36235
43771 47861
22608 29221
41104 46166
35164 38089
28523 34395
17360 21311
29704 33953
12642 14612
41210 48178
35270 37006
29111 35501
30109 37365
37808 46532
14797 19130
4466 8856
47092 50905
38650 45786
42596 45015
8259 13154
39230 42138
12676 17391
32344 34511
8290 15848
32275 33249
41905 44677
18780 25496
7256 10153
24539 31917
23290 26057
6825 9591
38631 46105
16564 18762
5832 11504
32070 35327
35043 40632
20858 24663
21563 25591
5934 15272
38646 43427
9305 19004
36410 40381
13 8446
43254 50798
20573 27836
39093 48178
36810 43708
38141 38237
3859 4848
45384 48192
11370 14092
35960 39992
19430 23968
32334 34017
6168 8783
29305 34420
21165 30857
14692 23536
9970 15527
21428 22000
28696 31461
25547 28175
11291 14951
8135 14072
21709 29387
5806 10722
25750 26336
21664 31408
6918 10937
6748 12861
45543 53537
34021 37707
27575 30798
46836 54011
46347 52897
22934 25716
15096 23350
31235 33770
9518 11882
26227 34348
5574 7598
14538 18493
17407 26021
25922 32905
28896 38515
14004 19780
19614 24417
13562 20852
12073 18473
11766 14875
14429 15510
49731 58181
7002 8641
28495 29955
9303 17542
46073 48173
24175 31285
30990 40460
46516 56380
24302 26652
38643 48598
11586 19207
8244 8790
34741 42330
14292 17972
41831 45946
47664 51794
26465 30609
6237 10414
6237 10261
46814 54408
3853 4283
43834 48570
10161 19724
40562 45162
49488 58214
23851 28350
13128 22814
41197 47285
42685 43204
17061 26182
23688 33524
22876 23899
15972 24858
2930 4606
13899 17732
40693 46936
11301 20644
47613 54375
10279 17932
39385 40821
5041 14972
1462 3066
6238 11780
4445 12418
19299 24750
14859 21730
39871 45205
11195 20729
44769 51553
35682 38764
7032 9150
48873 58795
5609 15545
4955 13125
31290 36315
26927 35705
46929 54296
30319 39126
23470 26481
37609 38664
15478 17067
31748 33998
18015 19947
2516 7949
35399 36805
42656 48225
39482 47919
12678 20166
43200 51228
14392 15086
9998 12006
39335 40662
21809 22606
40285 43813
49263 53834
45514 47168
24491 26861
49935 54289
28215 36886
7858 15839
31948 38585
17175 18698
19548 26557
29945 35706
42433 47219
28249 29403
40427 46826
31532 34906
16413 21968
26251 31813
16732 17914
47047 47896
17275 24786
47574 47879
21124 27660
32977 38461
41148 47984
14938 18105
36340 41186
45701 53564
43966 49197
43479 47448
39365 39632
9774 10160
21167 30191
14379 23419
40365 40906
5103 11967
11871 15755
32559 37519
2725 6536
16178 22877
28222 32398
20965 22847
3579 13140
49923 58135
25814 26338
6632 12641
38600 47899
7757 11699
33151 40424
153 6101
3290 12581
46975 50138
33583 37395
7963 12208
321 9882
46703 53274
19091 27901
999 7802
5530 12484
25882 34576
2587 11578
11260 19967
13274 22644
42923 43489
47723 55991
13991 21514
48533 55335
40142 41626
33904 41831
35069 42066
16941 25722
930 9106
44890 49723
28486 37471
16226 23580
22192 22927
38706 43822
22008 28986
8133 10211
14705 19859
37124 44439
31705 39984
766 4422
14885 16726
41641 49338
5151 10207
19657 22879
14205 15403
7149 16382
37002 44440
11212 13867
20645 27254
9609 13018
30894 36069
48561 53246
11316 12326
23979 32425
13351 15154
9837 15431
35355 40720
30180 39802
8743 17115
7108 10738
14381 14563
48055 55310
20159 22106
43798 46204
24698 27876
45070 45294
25677 30326
14254 20082
1975 10327
30035 32809
31912 36795
8963 16126
44804 53395
43701 43848
34956 38179
46490 54697
9252 11291
16260 24893
21514 31048
11810 21681
30271 30912
27501 36321
29765 38584
39952 42296
21527 25415
487 3213
27892 35339
37622 40988
41521 41941
21341 27479
6711 12482
33398 36039
3277 12624
28694 32319
18071 19385
40164 43351
31993 36159
47739 52246
22545 27697
22305 27114
35403 41596
44037 45461
3349 4604
20207 28130
16991 25327
10016 18730
45708 52879
23274 26229
43142 53066
36788 45827
30041 34869
20880 22142
19904 22020
34300 35199
2484 7279
43722 51424
39786 49097
13388 21441
17854 22825
41568 48053
41785 46682
21597 21715
6646 6815
37138 43166
21652 28525
3798 9387
38716 42430
25093 27123
8868 14469
22068 23991
3248 11640
21870 26310
19595 23508
11123 16375
40198 44669
36757 41634
43374 47248
29963 36775
21047 23764
618 1710
34693 42142
29882 37958
25617 33493
8166 12142
32390 36751
37714 45750
19257 23794
47063 53241
8523 11201
28956 30933
31863 40481
31882 36235
25152 32536
32441 42428
35455 41630
8901 10544
45445 51117
49586 56058
43112 48872
14563 19491
33119 39980
18708 26746
12760 17642
16409 20358
20209 25702
37990 43514
49917 50032
18909 25229
48271 49288
23275 23580
21370 24252
38640 41301
41132 48902
9868 18680
11659 20431
20675 22259
41002 45980
41879 50432
3686 4297
8411 17606
18605 25580
14622 21646
41880 48312
21641 30761
2831 4378
32106 33198
4907 7280
8781 16179
1890 2774
46563 48041
33107 37563
7559 10348
39544 48112
10598 14539
12310 13472
38644 41438
12273 14985
25345 35252
9485 11685
44592 51987
32304 39973
48681 54222
3251 12596
27711 33752
20894 24803
32790 38651
41875 48933
41002 44549
2028 8760
20831 28303
39006 39908
10876 14069
22643 24558
3265 5295
16501 16768
35586 36221
8472 13687
28121 28905
30501 38255
39516 48989
21911 27667
49942 58285
27117 27978
29166 36005
8199 15248
39660 48161
2599 12190
48699 54566
17312 18750
40577 48566
31822 32752
47152 56738
19316 20892
21733 28099
48810 57116
43899 45393
16304 17711
26907 32866
40186 46991
1997 2282
7478 16552
33720 39574
20633 22043
3217 7259
39761 40653
39516 40978
35406 40452
4040 5272
11829 12885
28120 33430
10179 12351
3340 6256
30139 32633
49090 54059
19392 28597
24960 28690
28002 30577
8924 17824
33051 33831
10762 20005
1842 9532
31019 32249
35739 38956
36461 38625
317 1353
38313 42905
40380 48801
26226 26740
16133 25474
23039 30265
46765 47712
17312 21632
29375 34933
47278 48376
26761 28684
35394 37463
8749 15835
8548 14091
45691 55515
22115 30931
18966 19585
35379 37956
44210 45678
14538 23087
43843 50205
11632 17056
42753 49604
30960 36252
10389 15870
27202 27438
45585 53609
17849 19873
14119 18654
35322 36799
25300 31562
8096 12658
45781 53403
29569 39552
20734 23442
16306 19490
24183 24243
1053 7313
23692 24772
3263 4168
41331 47051
29110 36169
13194 21803
15977 17225
21561 29023
30474 33811
31649 40666
14550 16890
27117 36913
1418 5858
28819 32218
44871 48576
689 8735
42711 46294
33111 41155
38036 44782
31958 34992
19713 21531
28725 38070
30841 34267
10385 16366
13120 13684
31118 32427
8094 14282
27365 33146
44672 53058
26720 33538
10523 13543
24365 25443
36181 42446
42212 52107
1171 9121
31398 34295
31850 33965
23795 32116
37499 43488
49121 52572
8895 17066
3379 7518
14458 20754
47216 51130
18803 18955
27644 36205
34351 34854
41100 46961
9310 9506
4606 4810
30452 33593
13413 20084
39049 48977
2509 8793
21304 21618
14915 17315
14222 19172
48929 50037
45900 54576
1435 9934
30583 38640
28063 28368
21235 23308
37400 46564
24446 30154
39294 46772
30520 35562
6906 7454
24984 27515
36136 41115
28623 32007
42324 44362
42377 43732
29105 32208
9115 17277
21132 23332
44785 47212
19045 23974
2114 5106
2179 12122
11971 16481
15927 22739
14531 14606
5803 6438
48403 53461
6897 14217
19274 19418
19602 29045
32069 36307
43721 48825
28190 31997
38281 38922
425 1733
29561 34312
10616 19516
6135 8594
36365 38238
13536 15505
36009 36193
39605 45619
42766 52575
33161 34523
34944 38861
49439 57319
45439 54620
7396 12124
19053 22559
49506 58661
46844 47571
23667 24368
10953 12027
12543 21132
9739 12581
38406 46537
9081 17542
38362 41542
43504 52159
46122 52236
24055 30946
4723 11962
40248 49572
41101 45805
1854 3380
35496 39122
37497 39284
3145 4273
34497 39297
2771 11837
6897 12695
12117 13672
5069 14331
47621 53592
47596 54081
19641 21270
9859 19556
17997 21632
24111 27739
26391 30466
44267 52064
37406 44042
12288 19790
12004 16621
29199 37999
43747 51989
20795 23200
34366 40220
1947 11447
20471 28040
26061 30816
12361 14221
40338 43673
2774 11910
49426 52902
29823 39385
24537 27023
2123 4743
11876 11890
4068 8675
41138 43712
6935 15155
10530 19439
8519 15452
8288 15242
34167 37895
27136 35426
17408 26450
9931 14544
30314 36904
10038 17136
34553 38875
11167 11492
22922 28652
36194 36385
8 2248
13729 15035
45165 46827
11023 15004
31417 34984
19493 27862
38114 41162
8144 16532
21101 25150
12981 19739
18041 27526
6257 10694
42899 52835
14226 19985
39954 48790
47100 54648
39095 45850
38451 43630
22905 29827
21897 31361
12998 13582
30984 32422
6486 6655
43862 46269
26761 30279
3288 8281
7957 10516
12720 12934
17480 24747
37114 45446
27197 33407
48300 54234
31165 38049
6135 8767
35847 43252
37791 41149
47558 49428
4388 11034
10071 10735
26563 32038
28903 34602
45288 51121
3477 6228
4274 6933
29726 36817
18601 21848
38743 40831
12969 18060
13396 21720
48700 56932
33623 41177
21750 27741
23042 28033
19062 27884
4422 9447
35307 36503
20081 23697
32877 34195
34992 36841
39948 44000
34238 37483
32576 42568
25295 26123
26763 35565
10610 14953
36032 38881
26511 33772
6046 7720
49108 50005
45043 54907
42758 49297
48308 51108
49650 54653
37503 40258
38380 44955
38447 48169
27606 32280
10933 13084
49382 54450
33125 39601
19430 21861
1902 3078
30863 36967
23504 32930
40635 50204
44197 44796
10960 18561
25409 33710
18269 22520
31438 38666
6147 11949
16116 17443
9995 14968
40044 40207
8904 15479
7814 9607
27456 30042
2352 6646
12566 14992
42256 48756
5591 9870
3008 4295
35598 42064
31235 35466
28975 38191
2807 12420
48687 53745
15190 18326
11686 13165
10492 16445
19806 27646
30781 31442
1365 11314
18990 25943
9249 17666
3801 10491
31515 34125
17109 18688
6972 12176
39449 39765
35778 36560
39966 45552
29408 34735
732 3538
45280 45544
33469 38312
20710 27273
36342 41010
2825 5931
8217 9747
20212 21755
44933 54661
46927 55741
48610 55083
16002 24229
48605 56502
25340 28724
18675 24040
11534 14665
26709 34572
44267 47517
16689 17005
34425 35127
39829 46614
13879 20086
3546 12364
36316 43320
2173 9973
10606 12968
49795 53222
43312 45810
26718 33314
32349 37900
46255 53994
7722 17148
1633 2722
12816 13749
33649 36202
49455 56052
41078 50135
896 6888
586 8509
5823 8185
38486 44801
1414 2750
19204 28598
16567 24249
24263 33629
18206 26667
22273 31156
48255 51654
49535 49850
7821 14715
29813 36216
39189 40443
177 8859
10086 13565
15332 21342
24865 27312
21731 28547
15973 22954
5028 14708
17225 24086
44179 44439
3885 10405
6841 10367
10459 20125
2465 9539
46683 51376
44611 47631
44433 54141
13304 21929
34047 42149
27452 36768
8912 17054
18695 25551
28464 34412
8450 10189
37617 38544
13228 20432
47321 51341
35725 39221
1157 11045
33869 39874
49488 54934
24088 28732
41973 46447
46431 53523
46550 48164
44898 45230
1998 9894
41048 43860
30787 32552
28683 35160
30582 40092
43322 52757
14650 22045
4589 5062
9020 18968
18666 26696
12280 14994
34170 40830
21499 22280
12759 14145
20250 29504
38270 44094
28232 31771
49396 52413
9502 18876
25979 27334
19203 20127
33880 34226
46742 50976
169 1572
47569 54347
9129 9335
2234 5499
25934 31685
746 4192
14741 24322
26883 33314
26126 28490
13728 17096
27331 34966
39196 42370
9925 13137
19860 26178
5169 7290
13805 18963
