0 1 -1 39
1 1 -1 38
2 1 -1 37
3 1 -1 36
4 1 -1 35
5 1 -1 34
6 1 -1 33
7 1 -1 32
8 1 -1 31
9 1 -1 30
10 1 -1 29
11 1 -1 28
12 1 -1 27
13 1 -1 26
14 1 -1 25
15 1 -1 24
16 1 -1 23
17 1 -1 22
18 1 -1 21
19 1 -1 20
20 1 -1 19
21 1 -1 18
22 1 -1 17
23 1 -1 16
24 1 -1 15
25 1 -1 14
26 1 -1 13
27 1 -1 12
28 1 -1 11
29 1 -1 10
30 1 -1 9
31 1 -1 8
32 1 -1 7
33 1 -1 6
34 1 -1 5
35 0 36 4
36 0 37 3
37 0 38 2
38 1 -1 1
39 1 -1 0
4 28 28
0 1 -1 39
1 1 -1 38
2 1 -1 37
3 1 -1 36
4 1 -1 35
5 1 -1 34
6 1 -1 33
7 1 -1 32
8 1 -1 31
9 1 -1 30
10 1 -1 29
11 1 -1 28
12 1 -1 27
13 1 -1 26
14 1 -1 25
15 1 -1 24
16 1 -1 23
17 1 -1 22
18 1 -1 21
19 1 -1 20
20 1 -1 19
21 1 -1 18
22 1 -1 17
23 1 -1 16
24 1 -1 15
25 1 -1 14
26 1 -1 13
27 1 -1 12
28 1 -1 11
29 1 -1 10
30 1 -1 9
31 1 -1 8
32 1 -1 7
33 1 -1 6
34 1 -1 5
35 0 36 4
36 1 -1 3
37 0 38 2
38 1 -1 1
39 0 40 0
3 21 21
0 1 -1 39
1 1 -1 38
2 1 -1 37
3 1 -1 36
4 1 -1 35
5 1 -1 34
6 1 -1 33
7 1 -1 32
8 1 -1 31
9 1 -1 30
10 1 -1 29
11 1 -1 28
12 1 -1 27
13 1 -1 26
14 1 -1 25
15 1 -1 24
16 1 -1 23
17 1 -1 22
18 1 -1 21
19 1 -1 20
20 1 -1 19
21 1 -1 18
22 1 -1 17
23 1 -1 16
24 1 -1 15
25 1 -1 14
26 1 -1 13
27 1 -1 12
28 1 -1 11
29 1 -1 10
30 1 -1 9
31 1 -1 8
32 1 -1 7
33 1 -1 6
34 1 -1 5
35 0 36 4
36 1 -1 3
37 1 -1 2
38 1 -1 1
39 0 40 0
2 17 17
0 1 -1 39
1 1 -1 38
2 1 -1 37
3 1 -1 36
4 1 -1 35
5 1 -1 34
6 1 -1 33
7 1 -1 32
8 1 -1 31
9 1 -1 30
10 1 -1 29
11 1 -1 28
12 1 -1 27
13 1 -1 26
14 1 -1 25
15 1 -1 24
16 1 -1 23
17 1 -1 22
18 1 -1 21
19 1 -1 20
20 1 -1 19
21 1 -1 18
22 1 -1 17
23 1 -1 16
24 1 -1 15
25 1 -1 14
26 1 -1 13
27 1 -1 12
28 1 -1 11
29 1 -1 10
30 1 -1 9
31 1 -1 8
32 1 -1 7
33 1 -1 6
34 1 -1 5
35 1 41 4
41 1 42 3
42 1 -1 2
43 0 44 1
44 1 -1 0
1 26 2
0 1 -1 39
1 1 -1 38
2 1 -1 37
3 1 -1 36
4 1 -1 35
5 1 -1 34
6 1 -1 33
7 1 -1 32
8 1 -1 31
9 1 -1 30
10 1 -1 29
11 1 -1 28
12 1 -1 27
13 1 -1 26
14 1 -1 25
15 1 -1 24
16 1 -1 23
17 1 -1 22
18 1 -1 21
19 1 -1 20
20 1 -1 19
21 1 -1 18
22 1 -1 17
23 1 -1 16
24 1 -1 15
25 1 -1 14
26 1 -1 13
27 1 -1 12
28 1 -1 11
29 1 -1 10
30 1 -1 9
31 1 -1 8
32 1 -1 7
33 1 -1 6
34 1 -1 5
35 1 41 4
41 1 42 3
42 1 -1 2
43 1 -1 1
44 1 -1 0
0 24 0
28
