148 17367
161 59
175 2796
419 1613
682 12262
1045 14289
1304 5893
1557 12081
1626 21074
1902 16984
1988 3095
2039 11594
2131 8621
2136 5784
2342 8420
2572 5240
2688 13766
2737 15201
3061 3120
3294 6353
3481 13157
3569 5557
3579 8977
3791 19046
3988 10125
4193 13737
4261 14197
4280 5668
4556 21212
4568 5579
4578 8672
4677 16552
4760 5637
4884 18767
4978 3439
4995 3172
4999 11029
5246 9331
5311 526
5476 17377
5617 11589
5701 3621
5740 6944
5854 20209
5889 9404
5994 637
6108 10722
6116 8443
6305 15837
6365 21142
6472 69
6631 6967
6774 4672
6781 9045
6785 11286
6851 14796
6969 8055
7013 3456
7021 5737
7090 14541
7303 9034
7592 21708
7610 16366
7756 21971
7845 18449
8004 19804
8411 10416
8525 14751
8637 14409
8980 10942
9007 17401
9122 3971
9186 14562
9332 2319
9494 9453
9599 9239
9835 10255
9877 20175
9891 2955
9955 4066
10531 19290
10671 3023
10952 18332
10957 9235
11006 12067
11107 14892
11216 9304
11674 20121
11712 3621
12137 15040
12202 12635
12468 12655
12606 22021
12682 14275
12916 19899
13142 3717
13221 12052
13232 15588
13386 18468
13663 4434
14476 4503
14545 21142
14613 8404
15233 4338
15442 8734
15897 17857
15976 13576
15988 18989
16175 1279
16229 1804
16720 8328
17034 20568
17162 4826
17318 11933
17319 15076
17350 16892
17440 4798
17514 2353
17569 261
17730 8419
17894 17392
18019 20195
18132 6347
18214 2660
18376 12443
18644 11519
18657 6377
18851 2469
19128 5080
19488 10118
19499 14202
19601 9583
19707 9233
19745 580
19894 13920
19943 17967
20019 3710
20033 12770
20478 203
20486 4988
20627 14573
20998 8530
21425 10829
21537 19399
21649 20462
21655 3878
21725 21564
21757 3234
21880 6230
