2980 4159
0 2037
4159 1455
8318 1339
12477 2791
16636 82
20795 516
24954 2296
29113 2723
33272 580
37431 1341
41590 1894
45749 431
49908 222
54067 1737
58226 1314
62385 19
66544 396
70703 1422
74862 1125
79021 1145
83180 641
87339 2511
91498 391
95657 1743
99816 1509
103975 1082
108134 2637
112293 1691
116452 846
120611 2323
124770 295
128929 2260
133088 190
137247 909
141406 1112
145565 1283
149724 2171
153883 648
158042 2718
162201 538
166360 2255
170519 2243
174678 1025
178837 1916
182996 2721
187155 2923
191314 2567
195473 1800
199632 2482
203791 779
207950 1949
212109 2418
216268 666
220427 1473
224586 2063
228745 1157
232904 1573
237063 1377
241222 963
245381 1044
249540 2121
253699 1683
257858 2478
262017 2927
266176 549
270335 74
274494 2132
278653 2249
282812 292
286971 1135
291130 1289
295289 2076
299448 801
303607 2068
307766 1501
311925 1515
316084 2772
320243 866
324402 732
328561 324
332720 2298
336879 1156
341038 1037
345197 55
349356 2566
353515 2596
357674 176
361833 35
365992 2609
370151 386
374310 1925
378469 2369
382628 2406
386787 2845
390946 123
395105 2346
399264 1409
403423 656
407582 2288
411741 2347
415900 1578
420059 373
424218 1340
428377 2464
432536 2613
436695 1495
440854 2631
445013 806
449172 1086
453331 794
457490 2914
461649 591
465808 1491
469967 929
474126 2080
478285 105
482444 429
486603 2653
490762 2635
494921 975
499080 850
503239 232
507398 2873
511557 524
515716 2807
519875 1882
524034 85
528193 97
532352 2778
536511 2436
540670 2890
544829 1379
548988 2486
553147 2793
557306 2456
561465 2333
565624 2321
569783 2274
573942 2053
578101 2062
582260 428
586419 2601
590578 1647
594737 2939
598896 872
603055 533
607214 2017
611373 830
615532 343
619691 1237
623850 1528
628009 2069
632168 1694
636327 1396
640486 2381
644645 2463
648804 2943
652963 70
657122 1784
661281 2146
665440 2878
669599 1478
673758 2099
677917 1372
682076 2368
686235 336
690394 153
694553 263
698712 653
702871 2438
707030 1687
711189 2626
715348 763
719507 1201
723666 2852
727825 781
731984 1624
736143 829
740302 73
744461 1590
748620 989
752779 2018
756938 1187
761097 1859
765256 290
769415 2967
773574 1719
777733 1403
781892 2586
786051 224
790210 750
794369 1329
798528 2106
802687 2911
806846 2769
811005 2950
815164 1426
819323 961
823482 980
827641 1197
831800 1889
835959 2809
840118 1702
844277 463
848436 2096
852595 1748
856754 2230
860913 2490
865072 2327
869231 942
873390 44
877549 2728
881708 522
885867 2868
890026 1326
894185 2423
898344 855
902503 1909
906662 231
910821 116
914980 1318
919139 1838
923298 2664
927457 1833
931616 1402
935775 1681
939934 1055
944093 1883
948252 798
952411 635
956570 514
960729 1241
964888 1137
969047 1180
973206 2291
977365 600
981524 56
985683 848
989842 1655
994001 930
998160 274
1002319 796
1006478 369
1010637 530
1014796 2732
1018955 1738
1023114 605
1027273 1064
1031432 2392
1035591 405
1039750 2899
1043909 1804
1048068 1200
1052227 2114
1056386 1038
1060545 517
1064704 1620
1068863 1755
1073022 2777
1077181 1736
1081340 2011
1085499 2785
1089658 2158
1093817 407
1097976 2197
1102135 175
1106294 2035
1110453 2530
1114612 1169
1118771 894
1122930 2426
1127089 1732
1131248 1524
1135407 2492
1139566 90
1143725 2081
1147884 892
1152043 1076
1156202 2110
1160361 196
1164520 907
1168679 1773
1172838 550
1176997 21
1181156 2891
1185315 2262
1189474 2730
1193633 1425
1197792 1765
1201951 1388
1206110 2808
1210269 1041
1214428 1565
1218587 645
1222746 1862
1226905 333
1231064 2469
1235223 1572
1239382 2715
1243541 752
1247700 966
1251859 915
1256018 1272
1260177 1629
1264336 1594
1268495 1354
1272654 1441
1276813 1921
1280972 2874
1285131 2225
1289290 2924
1293449 251
1297608 1690
1301767 372
1305926 1616
1310085 1546
1314244 2164
1318403 286
1322562 2086
1326721 1420
1330880 1707
1335039 154
1339198 1167
1343357 419
1347516 1277
1351675 2101
1355834 931
1359993 622
1364152 2290
1368311 2087
1372470 45
1376629 986
1380788 2176
1384947 215
1389106 2161
1393265 2014
1397424 233
1401583 650
1405742 881
1409901 2475
1414060 2520
1418219 584
1422378 1183
1426537 699
1430696 1447
1434855 1193
1439014 2452
1443173 1555
1447332 1239
1451491 298
1455650 636
1459809 1106
1463968 2108
1468127 2416
1472286 948
1476445 710
1480604 1828
1484763 2316
1488922 2629
1493081 1027
1497240 9
1501399 1257
1505558 1138
1509717 569
1513876 1637
1518035 2036
1522194 144
1526353 2580
1530512 2355
1534671 2424
1538830 471
1542989 1028
1547148 2326
1551307 1122
1555466 1433
1559625 2104
1563784 1306
1567943 1831
1572102 836
1576261 200
1580420 1875
1584579 721
1588738 443
1592897 788
1597056 2594
1601215 302
1605374 2190
1609533 2684
1613692 1407
1617851 896
1622010 2683
1626169 528
1630328 2628
1634487 1091
1638646 1574
1642805 103
1646964 312
1651123 993
1655282 205
1659441 1853
1663600 593
1667759 1007
1671918 67
1676077 2805
1680236 2074
1684395 1105
1688554 1924
1692713 29
1696872 219
1701031 107
1705190 1252
1709349 1599
1713508 1986
1717667 2027
1721826 2196
1725985 2143
1730144 1481
1734303 2561
1738462 171
1742621 1126
1746780 531
1750939 2318
1755098 2616
1759257 1965
1763416 1392
1767575 711
1771734 676
1775893 2031
1780052 2811
1784211 2668
1788370 2867
1792529 2652
1796688 2860
1800847 1347
1805006 2139
1809165 377
1813324 2597
1817483 1399
1821642 46
1825801 2209
1829960 2488
1834119 672
1838278 254
1842437 2292
1846596 2962
1850755 2738
1854914 1564
1859073 370
1863232 2702
1867391 797
1871550 2784
1875709 1427
1879868 1775
1884027 294
1888186 992
1892345 871
1896504 311
1900663 610
1904822 106
1908981 904
1913140 136
1917299 2703
1921458 261
1925617 13
1929776 1307
1933935 2955
1938094 1079
1942253 2329
1946412 332
1950571 632
1954730 2554
1958889 2414
1963048 1966
1967207 2741
1971366 1150
1975525 2128
1979684 2477
1983843 1918
1988002 2170
1992161 1619
1996320 121
2000479 1174
2004638 1299
2008797 804
2012956 2306
2017115 495
2021274 1643
2025433 335
2029592 2264
2033751 2079
2037910 619
2042069 1995
2046228 2165
2050387 1040
2054546 1567
2058705 603
2062864 194
2067023 2676
2071182 1607
2075341 2711
2079500 1906
2083659 2336
2087818 1451
2091977 1928
2096136 777
2100295 195
2104454 280
2108613 2413
2112772 828
2116931 271
2121090 1712
2125249 1059
2129408 2131
2133567 1850
2137726 2553
2141885 1974
2146044 2608
2150203 1154
2154362 861
2158521 2675
2162680 1095
2166839 2421
2170998 472
2175157 607
2179316 1819
2183475 143
2187634 910
2191793 2833
2195952 2817
2200111 2726
2204270 974
2208429 1210
2212588 1686
2216747 545
2220906 638
2225065 780
2229224 849
2233383 111
2237542 1705
2241701 1623
2245860 1825
2250019 270
2254178 2083
2258337 791
2262496 1845
2266655 96
2270814 2689
2274973 2133
2279132 2828
2283291 757
2287450 2046
2291609 534
2295768 502
2299927 617
2304086 2195
2308245 1432
2312404 2734
2316563 1592
2320722 308
2324881 1319
2329040 1826
2333199 2662
2337358 397
2341517 148
2345676 1541
2349835 1749
2353994 1576
2358153 1992
2362312 716
2366471 1505
2370630 1663
2374789 2028
2378948 1548
2383107 2760
2387266 1101
2391425 902
2395584 2970
2399743 58
2403902 845
2408061 2023
2412220 104
2416379 539
2420538 816
2424697 371
2428856 2119
2433015 374
2437174 2294
2441333 726
2445492 328
2449651 821
2453810 2393
2457969 249
2462128 982
2466287 1547
2470446 388
2474605 665
2478764 18
2482923 2766
2487082 1449
2491241 540
2495400 1895
2499559 1247
2503718 2534
2507877 1809
2512036 897
2516195 168
2520354 529
2524513 2508
2528672 1355
2532831 2623
2536990 285
2541149 39
2545308 2627
2549467 1858
2553626 2402
2557785 2396
2561944 441
2566103 573
2570262 2836
2574421 1842
2578580 1553
2582739 2140
2586898 1816
2591057 1497
2595216 1312
2599375 1927
2603534 1526
2607693 2975
2611852 1551
2616011 970
2620170 629
2624329 1398
2628488 2944
2632647 2826
2636806 2812
2640965 2548
2645124 1026
2649283 2932
2653442 1757
2657601 1148
2661760 146
2665919 1947
2670078 844
2674237 695
2678396 2593
2682555 2289
2686714 2405
2690873 2525
2695032 488
2699191 307
2703350 2912
2707509 1245
2711668 2088
2715827 1884
2719986 2300
2724145 2373
2728304 2964
2732463 1238
2736622 413
2740781 2465
2744940 314
2749099 1849
2753258 2617
2757417 1047
2761576 288
2765735 2107
2769894 2394
2774053 1527
2778212 2384
2782371 402
2786530 1498
2790689 568
2794848 2931
2799007 322
2803166 2049
2807325 2448
2811484 2957
2815643 1316
2819802 1525
2823961 953
2828120 1577
2832279 1919
2836438 2227
2840597 2821
2844756 109
2848915 1704
2853074 1013
2857233 542
2861392 11
2865551 2875
2869710 489
2873869 621
2878028 2928
2882187 2272
2886346 1356
2890505 698
2894664 2712
2898823 1358
2902982 1229
2907141 313
2911300 2021
2915459 2332
2919618 2660
2923777 1999
2927936 214
2932095 745
2936254 1141
2940413 2483
2944572 1535
2948731 42
2952890 1806
2957049 1891
2961208 1411
2965367 1779
2969526 2552
2973685 2417
2977844 1923
2982003 2407
2986162 1886
2990321 1369
2994480 1273
2998639 130
3002798 2163
3006957 1149
3011116 469
3015275 1290
3019434 2015
3023593 869
3027752 1937
3031911 1253
3036070 2547
3040229 1785
3044388 889
3048547 2589
3052706 466
3056865 2089
3061024 2893
3065183 2039
3069342 2247
3073501 2959
3077660 2251
3081819 235
3085978 2615
3090137 1330
3094296 2242
3098455 2571
3102614 835
3106773 1327
3110932 506
3115091 811
3119250 885
3123409 955
3127568 1081
3131727 2907
3135886 1118
3140045 1092
3144204 689
3148363 631
3152522 293
3156681 1104
3160840 2459
3164999 2871
3169158 483
3173317 795
3177476 2220
3181635 2879
3185794 693
3189953 478
3194112 147
3198271 1268
3202430 1818
3206589 2397
3210748 1790
3214907 2215
3219066 2537
3223225 2620
3227384 1959
3231543 2973
3235702 2303
3239861 1864
3244020 1113
3248179 381
3252338 1151
3256497 2117
3260656 2489
3264815 1633
3268974 991
3273133 2259
3277292 26
3281451 1752
3285610 564
3289769 1887
3293928 1001
3298087 2223
3302246 697
3306405 167
3310564 1274
3314723 671
3318882 1922
3323041 675
3327200 1693
3331359 1613
3335518 1700
3339677 453
3343836 1221
3347995 2834
3352154 2678
3356313 1351
3360472 152
3364631 362
3368790 2572
3372949 2717
3377108 2971
3381267 1073
3385426 917
3389585 891
3393744 461
3397903 1844
3402062 66
3406221 272
3410380 2563
3414539 1233
3418698 903
3422857 941
3427016 230
3431175 2657
3435334 2716
3439493 2905
3443652 1650
3447811 2516
3451970 71
3456129 1030
3460288 350
3464447 1462
3468606 851
3472765 2367
3476924 1861
3481083 150
3485242 93
3489401 1942
3493560 579
3497719 31
3501878 2250
3506037 2699
3510196 1602
3514355 1227
3518514 2744
3522673 590
3526832 1259
3530991 1295
3535150 2471
3539309 967
3543468 988
3547627 1308
3551786 1669
3555945 2685
3560104 2167
3564263 2837
3568422 1121
3572581 978
3576740 2100
3580899 1011
3585058 1346
3589217 1069
3593376 1593
3597535 805
3601694 983
3605853 1786
3610012 1115
3614171 773
3618330 7
3622489 1665
3626648 668
3630807 898
3634966 245
3639125 703
3643284 256
3647443 583
3651602 952
3655761 1428
3659920 1787
3664079 832
3668238 2095
3672397 2312
3676556 2380
3680715 2363
3684874 1507
3689033 383
3693192 1217
3697351 3
3701510 738
3705669 786
3709828 1335
3713987 2427
3718146 140
3722305 1893
3726464 749
3730623 166
3734782 589
3738941 685
3743100 28
3747259 1096
3751418 393
3755577 2592
3759736 2600
3763895 1904
3768054 2458
3772213 2403
3776372 1729
3780531 2582
3784690 901
3788849 2236
3793008 1311
3797167 2737
3801326 1967
3805485 2887
3809644 497
3813803 118
3817962 395
3822121 1301
3826280 578
3830439 1465
3834598 2153
3838757 84
3842916 2780
3847075 250
3851234 2758
3855393 2188
3859552 1720
3863711 2152
3867870 670
3872029 762
3876188 2750
3880347 581
3884506 651
3888665 239
3892824 2952
3896983 403
3901142 1799
3905301 886
3909460 719
3913619 883
3917778 2044
3921937 1632
3926096 731
3930255 2747
3934414 1499
3938573 492
3942732 1813
3946891 744
3951050 2183
3955209 1847
3959368 2040
3963527 661
3967686 2692
3971845 2258
3976004 1510
3980163 867
3984322 1051
3988481 115
3992640 117
3996799 2756
4000958 2649
4005117 843
4009276 2307
4013435 1717
4017594 2173
4021753 1068
4025912 2763
4030071 652
4034230 1090
4038389 518
4042548 2839
4046707 1053
4050866 2377
4055025 2659
4059184 2599
4063343 2098
4067502 1821
4071661 717
4075820 1124
4079979 78
4084138 1488
4088297 2794
4092456 2864
4096615 634
4100774 2856
4104933 1544
4109092 1494
4113251 2819
4117410 684
4121569 585
4125728 1085
4129887 2359
4134046 25
4138205 879
4142364 626
4146523 1793
4150682 1454
4154841 15
4159000 435
4163159 282
4167318 1410
4171477 1336
4175636 2479
4179795 2969
4183954 422
4188113 2749
4192272 1063
4196431 2174
4200590 1075
4204749 1723
4208908 2745
4213067 400
4217226 2105
4221385 1969
4225544 43
4229703 2194
4233862 945
4238021 1666
4242180 2938
4246339 1983
4250498 2331
4254657 2160
4258816 2339
4262975 995
4267134 2468
4271293 2802
4275452 2474
4279611 2604
4283770 2453
4287929 2606
4292088 2500
4296247 1523
4300406 2954
4304565 2130
4308724 734
4312883 1328
4317042 2512
4321201 905
4325360 841
4329519 2920
4333678 2450
4337837 1540
4341996 708
4346155 865
4350314 486
4354473 1597
4358632 1387
4362791 2229
4366950 2390
4371109 2545
4375268 532
4379427 122
4383586 1934
4387745 644
4391904 2979
4396063 1868
4400222 520
4404381 2861
4408540 1159
4412699 438
4416858 733
4421017 1982
4425176 434
4429335 1606
4433494 1985
4437653 1841
4441812 523
4445971 1165
4450130 287
4454289 1530
4458448 660
4462607 1285
4466766 458
4470925 741
4475084 410
4479243 437
4483402 129
4487561 1871
4491720 2884
4495879 1383
4500038 1520
4504197 186
4508356 620
4512515 1474
4516674 156
4520833 1657
4524992 1270
4529151 1348
4533310 1128
4537469 1731
4541628 1012
4545787 2409
4549946 452
4554105 392
4558264 557
4562423 2115
4566582 1676
4570741 411
4574900 2315
4579059 802
4583218 1203
4587377 102
4591536 914
4595695 599
4599854 376
4604013 2894
4608172 1261
4612331 2024
4616490 1349
4620649 2270
4624808 227
4628967 1753
4633126 1911
4637285 1727
4641444 2618
4645603 2233
4649762 2297
4653921 728
4658080 238
4662239 925
4666398 1754
4670557 2731
4674716 2000
4678875 1503
4683034 746
4687193 2696
4691352 985
4695511 1485
4699670 2575
4703829 1630
4707988 2634
4712147 126
4716306 800
4720465 2771
4724624 2286
4728783 133
4732942 827
4737101 559
4741260 2528
4745419 216
4749578 2698
4753737 1639
4757896 793
4762055 722
4766214 1281
4770373 1762
4774532 535
4778691 2138
4782850 2256
4787009 1376
4791168 595
4795327 1802
4799486 2395
4803645 1232
4807804 2935
4811963 2503
4816122 1759
4820281 2324
4824440 2343
4828599 1972
4832758 1296
4836917 1436
4841076 663
4845235 1496
4849394 2009
4853553 2816
4857712 110
4861871 1490
4866030 2177
4870189 1873
4874348 1103
4878507 1228
4882666 1364
4886825 863
4890984 1250
4895143 1522
4899302 1502
4903461 1057
4907620 2198
4911779 2228
4915938 177
4920097 2348
4924256 688
4928415 1240
4932574 2443
4936733 1074
4940892 2925
4945051 1724
4949210 2048
4953369 1688
4957528 563
4961687 283
4965846 202
4970005 1097
4974164 812
4978323 1651
4982482 1582
4986641 956
4990800 509
4994959 761
4999118 2007
5003277 2612
5007436 2691
5011595 1529
5015754 900
5019913 1166
5024072 2434
5028231 2411
5032390 2234
5036549 2565
5040708 2244
5044867 2773
5049026 2823
5053185 938
5057344 2253
5061503 183
5065662 2953
5069821 2742
5073980 354
5078139 1045
5082298 2041
5086457 2208
5090616 2263
5094775 847
5098934 1492
5103093 2810
5107252 342
5111411 508
5115570 1152
5119729 1260
5123888 712
5128047 2818
5132206 423
5136365 1556
5140524 124
5144683 2755
5148842 2282
5153001 766
5157160 1219
5161319 114
5165478 705
5169637 962
5173796 225
5177955 348
5182114 965
5186273 500
5190432 2341
5194591 79
5198750 2876
5202909 598
5207068 1009
5211227 491
5215386 2466
5219545 1936
5223704 1945
5227863 1345
5232022 330
5236181 1367
5240340 2245
5244499 2641
5248658 464
5252817 1963
5256976 1614
5261135 1146
5265294 2835
5269453 1532
5273612 273
5277771 2946
5281930 98
5286089 2648
5290248 2767
5294407 2882
5298566 923
5302725 667
5306884 2639
5311043 1874
5315202 2065
5319361 1056
5323520 59
5327679 470
5331838 1539
5335997 2509
5340156 512
5344315 822
5348474 262
5352633 2859
5356792 191
5360951 1172
5365110 2265
5369269 40
5373428 911
5377587 289
5381746 459
5385905 1880
5390064 1153
5394223 2078
5398382 561
5402541 2669
5406700 2722
5410859 2319
5415018 2900
5419177 2693
5423336 1815
5427495 633
5431654 113
5435813 2193
5439972 511
5444131 1464
5448290 1195
5452449 2157
5456608 613
5460767 1728
5464926 2235
5469085 2941
5473244 2517
5477403 451
5481562 1061
5485721 2865
5489880 277
5494039 2437
5498198 2792
5502357 2666
5506516 1050
5510675 760
5514834 2815
5518993 2588
5523152 433
5527311 1179
5531470 180
5535629 673
5539788 823
5543947 572
5548106 2085
5552265 736
5556424 1288
5560583 715
5564742 158
5568901 637
5573060 1016
5577219 2123
5581378 2030
5585537 625
5589696 278
5593855 994
5598014 2804
5602173 2365
5606332 2442
5610491 416
5614650 316
5618809 1807
5622968 2391
5627127 870
5631286 460
5635445 2047
5639604 1234
5643763 976
5647922 499
5652081 2681
5656240 2385
5660399 1352
5664558 510
5668717 1855
5672876 1879
5677035 1583
5681194 425
5685353 2362
5689512 1698
5693671 1370
5697830 1568
5701989 2203
5706148 247
5710307 2603
5714466 2401
5718625 1223
5722784 1052
5726943 515
5731102 299
5735261 258
5739420 1035
5743579 735
5747738 1989
5751897 1998
5756056 1644
5760215 1801
5764374 384
5768533 360
5772692 1032
5776851 57
5781010 1777
5785169 1678
5789328 2269
5793487 880
5797646 1482
5801805 2797
5805964 2583
5810123 586
5814282 2550
5818441 1116
5822600 1652
5826759 2179
5830918 1851
5835077 2790
5839236 2707
5843395 2903
5847554 2709
5851713 1365
5855872 2267
5860031 2739
5864190 2961
5868349 1896
5872508 552
5876667 1552
5880826 999
5884985 2886
5889144 2038
5893303 1058
5897462 2340
5901621 2862
5905780 1870
5909939 2205
5914098 193
5918257 1981
5922416 2549
5926575 2892
5930734 48
5934893 571
5939052 1518
5943211 1271
5947370 268
5951529 2638
5955688 1204
5959847 521
5964006 852
5968165 2070
5972324 1560
5976483 1371
5980642 624
5984801 809
5988960 1131
5993119 1248
5997278 344
6001437 2842
6005596 2803
6009755 234
6013914 1837
6018073 155
6022232 1852
6026391 1493
6030550 1110
6034709 906
6038868 1207
6043027 556
6047186 1434
6051345 1571
6055504 2169
6059663 2461
6063822 1774
6067981 2910
6072140 2127
6076299 765
6080458 1303
6084617 1664
6088776 1682
6092935 1929
6097094 971
6101253 1309
6105412 125
6109571 2353
6113730 1671
6117889 2207
6122048 2485
6126207 2686
6130366 570
6134525 2543
6138684 1696
6142843 444
6147002 701
6151161 2141
6155320 1519
6159479 1031
6163638 2788
6167797 305
6171956 1869
6176115 2743
6180274 2585
6184433 482
6188592 161
6192751 2182
6196910 2257
6201069 276
6205228 2431
6209387 221
6213546 2697
6217705 1120
6221864 1642
6226023 628
6230182 2358
6234341 2224
6238500 2147
6242659 2930
6246818 2064
6250977 727
6255136 577
6259295 1395
6263454 157
6267613 1284
6271772 2328
6275931 1767
6280090 327
6284249 1792
6288408 2022
6292567 860
6296726 1810
6300885 1322
6305044 2840
6309203 5
6313362 1034
6317521 1130
6321680 1361
6325839 1920
6329998 2451
6334157 2045
6338316 2496
6342475 1008
6346634 1914
6350793 913
6354952 426
6359111 2
6363270 714
6367429 2071
6371588 998
6375747 1088
6379906 2759
6384065 2082
6388224 2211
6392383 1899
6396542 2364
6400701 1634
6404860 22
6409019 2268
6413178 1758
6417337 1627
6421496 1338
6425655 951
6429814 2978
6433973 2674
6438132 427
6442291 834
6446450 1107
6450609 759
6454768 2383
6458927 52
6463086 24
6467245 2281
6471404 1181
6475563 1218
6479722 1188
6483881 2314
6488040 54
6492199 1459
6496358 878
6500517 1742
6504676 1070
6508835 1175
6512994 1168
6517153 1450
6521312 2375
6525471 2948
6529630 1020
6533789 1066
6537948 173
6542107 1580
6546266 1054
6550425 359
6554584 2162
6558743 782
6562902 132
6567061 758
6571220 2178
6575379 1769
6579538 2077
6583697 2498
6587856 1408
6592015 753
6596174 1010
6600333 189
6604492 210
6608651 2748
6612810 398
6616969 1984
6621128 1394
6625287 2102
6629446 1472
6633605 618
6637764 8
6641923 2134
6646082 789
6650241 1024
6654400 340
6658559 1703
6662718 1373
6666877 242
6671036 2869
6675195 856
6679354 2644
6683513 919
6687672 2378
6691831 1177
6695990 1202
6700149 2536
6704308 958
6708467 2481
6712626 810
6716785 2782
6720944 1958
6725103 2901
6729262 784
6733421 2776
6737580 513
6741739 932
6745898 1788
6750057 1820
6754216 1173
6758375 432
6762534 2682
6766693 2735
6770852 1677
6775011 858
6779170 868
6783329 1888
6787488 1500
6791647 63
6795806 2345
6799965 1667
6804124 237
6808283 1952
6812442 2779
6816601 321
6820760 501
6824919 2584
6829078 2671
6833237 1805
6837396 764
6841555 409
6845714 2449
6849873 2361
6854032 477
6858191 2026
6862350 1401
6866509 687
6870668 1961
6874827 957
6878986 1046
6883145 1917
6887304 2513
6891463 723
6895622 743
6899781 1161
6903940 1946
6908099 1381
6912258 2578
6916417 2325
6920576 2523
6924735 2097
6928894 1362
6933053 2576
6937212 575
6941371 2156
6945530 1915
6949689 142
6953848 1978
6958007 2239
6962166 1654
6966325 1854
6970484 1139
6974643 692
6978802 1084
6982961 592
6987120 319
6991279 2491
6995438 803
6999597 2658
7003756 2746
7007915 445
7012074 439
7016233 602
7020392 457
7024551 69
7028710 657
7032869 1048
7037028 783
7041187 2813
7045346 1908
7049505 677
7053664 1534
7057823 127
7061982 2052
7066141 2814
7070300 218
7074459 2129
7078618 2476
7082777 494
7086936 303
7091095 1325
7095254 2180
7099413 2059
7103572 1506
7107731 2591
7111890 2175
7116049 2751
7120208 725
7124367 1559
7128526 192
7132685 2661
7136844 706
7141003 2980
7145162 2611
7149321 2940
7153480 320
7157639 2762
7161798 2386
7165957 1466
7170116 888
7174275 2559
7178434 485
7182593 2271
7186752 933
7190911 609
7195070 774
7199229 1140
7203388 203
7207547 2822
7211706 912
7215865 1212
7220024 1857
7224183 1811
7228342 34
7232501 2945
7236660 1324
7240819 159
7244978 1389
7249137 718
7253296 134
7257455 1782
7261614 2422
7265773 1764
7269932 2622
7274091 2633
7278250 1033
7282409 229
7286568 1015
7290727 876
7294886 1803
7299045 1570
7303204 291
7307363 1080
7311522 1005
7315681 1205
7319840 647
7323999 2532
7328158 2005
7332317 484
7336476 1435
7340635 1231
7344794 2003
7348953 1305
7353112 138
7357271 2916
7361430 507
7365589 682
7369748 548
7373907 112
7378066 814
7382225 197
7386384 1222
7390543 1385
7394702 1943
7398861 2753
7403020 1487
7407179 375
7411338 1890
7415497 2949
7419656 604
7423815 2610
7427974 12
7432133 1971
7436292 2942
7440451 1823
7444610 2467
7448769 1817
7452928 131
7457087 1049
7461246 1611
7465405 640
7469564 1834
7473723 702
7477882 1446
7482041 2504
7486200 447
7490359 792
7494518 2200
7498677 2457
7502836 2538
7506995 950
7511154 1912
7515313 454
7519472 1374
7523631 1866
7527790 895
7531949 1897
7536108 1829
7540267 1263
7544426 2404
7548585 996
7552744 1533
7556903 1442
7561062 1948
7565221 1706
7569380 2645
7573539 2122
7577698 2320
7581857 266
7586016 1608
7590175 565
7594334 1244
7598493 1744
7602652 1391
7606811 356
7610970 1789
7615129 654
7619288 2120
7623447 1438
7627606 164
7631765 1589
7635924 2687
7640083 2372
7644242 279
7648401 10
7652560 2801
7656719 680
7660878 1094
7665037 2514
7669196 284
7673355 2562
7677514 2800
7681673 2880
7685832 922
7689991 1709
7694150 2334
7698309 2665
7702468 2135
7706627 1766
7710786 1323
7714945 2754
7719104 1225
7723263 456
7727422 1980
7731581 1353
7735740 2499
7739899 1960
7744058 1416
7748217 160
7752376 479
7756535 981
7760694 424
7764853 934
7769012 1542
7773171 1953
7777330 2186
7781489 2181
7785648 145
7789807 2569
7793966 1885
7798125 1901
7802284 596
7806443 2093
7810602 2344
7814761 296
7818920 2366
7823079 686
7827238 818
7831397 1443
7835556 808
7839715 2389
7843874 1317
7848033 1508
7852192 95
7856351 1557
7860510 2433
7864669 1017
7868828 1867
7872987 1144
7877146 1673
7881305 1697
7885464 264
7889623 2714
7893782 1226
7897941 1621
7902100 206
7906259 80
7910418 6
7914577 2926
7918736 1117
7922895 207
7927054 2849
7931213 1291
7935372 408
7939531 2654
7943690 368
7947849 2881
7952008 2338
7956167 2843
7960326 853
7964485 1733
7968644 594
7972803 1835
7976962 240
7981121 2125
7985280 1898
7989439 662
7993598 2768
7997757 349
8001916 1662
8006075 1404
8010234 2650
8014393 1581
8018552 61
8022711 2051
8026870 2966
8031029 2473
8035188 2965
8039347 1612
8043506 2400
8047665 755
8051824 86
8055983 244
8060142 1605
8064301 181
8068460 1431
8072619 255
8076778 1108
8080937 2706
8085096 1375
8089255 1745
8093414 65
8097573 1072
8101732 1018
8105891 2708
8110050 1824
8114209 1067
8118368 2501
8122527 309
8126686 1900
8130845 1660
8135004 1423
8139163 1640
8143322 448
8147481 1071
8151640 1538
8155799 2898
8159958 135
8164117 1877
8168276 2688
8172435 1437
8176594 281
8180753 576
8184912 2484
8189071 558
8193230 2472
8197389 1618
8201548 1715
8205707 498
8209866 236
8214025 1670
8218184 2908
8222343 1931
8226502 873
8230661 720
8234820 41
8238979 1860
8243138 2494
8247297 2357
8251456 1827
8255615 1158
8259774 2172
8263933 1656
8268092 1421
8272251 554
8276410 2529
8280569 2595
8284728 2624
8288887 696
8293046 1930
8297205 908
8301364 406
8305523 1713
8309682 2951
8313841 1155
8318000 2736
8322159 1235
8326318 2863
8330477 141
8334636 2895
8338795 149
8342954 92
8347113 1062
8351272 1504
8355431 440
8359590 1781
8363749 1400
8367908 960
8372067 1100
8376226 1957
8380385 1190
8384544 2060
8388703 2535
8392862 1521
8397021 614
8401180 2360
8405339 1725
8409498 1750
8413657 265
8417816 248
8421975 2960
8426134 2798
8430293 1672
8434452 1956
8438611 2497
8442770 1685
8446929 1625
8451088 1460
8455247 51
8459406 2590
8463565 2902
8467724 1575
8471883 1913
8476042 1822
8480201 2185
8484360 2855
8488519 341
8492678 1635
8496837 1243
8500996 2806
8505155 785
8509314 1653
8513473 1160
8517632 1099
8521791 1004
8525950 108
8530109 2551
8534268 208
8538427 2428
8542586 1970
8546745 669
8550904 1282
8555063 352
8559222 2642
8563381 1566
8567540 2113
8571699 2968
8575858 2519
8580017 2888
8584176 179
8588335 62
8592494 1486
8596653 1
8600812 2560
8604971 968
8609130 1302
8613289 691
8617448 14
8621607 643
8625766 2370
8629925 1988
8634084 2308
8638243 2226
8642402 1129
8646561 87
8650720 1111
8654879 2796
8659038 367
8663197 257
8667356 854
8671515 1586
8675674 2605
8679833 151
8683992 260
8688151 1380
8692310 2191
8696469 2919
8700628 1545
8704787 1083
8708946 1220
8713105 611
8717264 1039
8721423 2936
8725582 2202
8729741 1836
8733900 1224
8738059 2896
8742218 1393
8746377 1730
8750536 379
8754695 2555
8758854 2841
8763013 1230
8767172 679
8771331 1003
8775490 694
8779649 2149
8783808 1304
8787967 927
8792126 1977
8796285 337
8800444 2008
8804603 317
8808762 2295
8812921 2854
8817080 2136
8821239 474
8825398 882
8829557 1994
8833716 1591
8837875 323
8842034 2061
8846193 1968
8850352 2573
8854511 72
8858670 921
8862829 211
8866988 128
8871147 997
8875306 2493
8879465 2487
8883624 2844
8887783 608
8891942 2922
8896101 2507
8900260 2412
8904419 2283
8908578 462
8912737 2846
8916896 2695
8921055 2299
8925214 1136
8929373 201
8933532 2904
8937691 163
8941850 36
8946009 2713
8950168 1798
8954327 480
8958486 1278
8962645 89
8966804 2214
8970963 713
8975122 553
8979281 1939
8983440 1147
8987599 2857
8991758 2016
8995917 1242
9000076 223
9004235 646
9008394 355
9012553 1772
9016712 2440
9020871 1186
9025030 2824
9029189 1955
9033348 504
9037507 664
9041666 2673
9045825 2531
9049984 2958
9054143 1601
9058302 430
9062461 1002
9066620 2238
9070779 1832
9074938 1182
9079097 2111
9083256 2350
9087415 1457
9091574 1475
9095733 2506
9099892 2974
9104051 2382
9108210 88
9112369 99
9116528 2518
9120687 1119
9124846 857
9129005 2656
9133164 1941
9137323 2720
9141482 2719
9145641 2632
9149800 2495
9153959 954
9158118 1848
9162277 2126
9166436 1661
9170595 16
9174754 525
9178913 53
9183072 2542
9187231 1926
9191390 1078
9195549 1543
9199708 1938
9203867 1993
9208026 38
9212185 2301
9216344 1747
9220503 1114
9224662 1648
9228821 404
9232980 2963
9237139 2379
9241298 1554
9245457 301
9249616 2774
9253775 2694
9257934 1944
9262093 1876
9266252 2574
9270411 1211
9274570 742
9278729 315
9282888 2275
9287047 2317
9291206 1814
9295365 683
9299524 1320
9303683 2527
9307842 2921
9312001 2770
9316160 724
9320319 1209
9324478 2067
9328637 1641
9332796 2607
9336955 2142
9341114 1695
9345273 1477
9349432 2073
9353591 658
9357750 75
9361909 2972
9366068 1258
9370227 1000
9374386 1595
9378545 1170
9382704 269
9386863 2724
9391022 2050
9395181 2310
9399340 1185
9403499 1976
9407658 2273
9411817 334
9415976 2502
9420135 2670
9424294 165
9428453 2825
9432612 228
9436771 939
9440930 2441
9445089 1439
9449248 1456
9453407 2526
9457566 2231
9461725 2625
9465884 2248
9470043 100
9474202 2480
9478361 2832
9482520 1300
9486679 1384
9490838 2850
9494997 1761
9499156 2387
9503315 2429
9507474 2690
9511633 627
9515792 2558
9519951 623
9524110 2184
9528269 2010
9532428 2150
9536587 1631
9540746 1390
9544905 2335
9549064 2847
9553223 170
9557382 1171
9561541 1991
9565700 920
9569859 420
9574018 2956
9578177 467
9582336 1286
9586495 935
9590654 2277
9594813 2933
9598972 198
9603131 339
9607290 94
9611449 2155
9615608 1164
9619767 1255
9623926 943
9628085 1563
9632244 304
9636403 1440
9640562 2219
9644721 748
9648880 204
9653039 916
9657198 2218
9661357 2827
9665516 2705
9669675 1561
9673834 2137
9677993 1638
9682152 2636
9686311 345
9690470 1964
9694629 2889
9698788 890
9702947 2858
9707106 704
9711265 2651
9715424 2013
9719583 2522
9723742 363
9727901 1418
9732060 2206
9736219 27
9740378 928
9744537 730
9748696 2237
9752855 1579
9757014 1760
9761173 1830
9765332 2937
9769491 964
9773650 2159
9777809 1714
9781968 2305
9786127 2124
9790286 1413
9794445 2667
9798604 947
9802763 2232
9806922 1987
9811081 417
9815240 1414
9819399 30
9823558 1892
9827717 2371
9831876 1023
9836035 1123
9840194 2376
9844353 1935
9848512 2342
9852671 2570
9856830 787
9860989 2058
9865148 1378
9869307 1199
9873466 1771
9877625 1343
9881784 1569
9885943 2906
9890102 1484
9894261 2168
9898420 612
9902579 778
9906738 1246
9910897 2280
9915056 1089
9919215 2630
9923374 2103
9927533 2352
9931692 2054
9935851 1359
9940010 1143
9944169 547
9948328 2679
9952487 162
9956646 2154
9960805 1907
9964964 709
9969123 2201
9973282 487
9977441 1531
9981600 1780
9985759 387
9989918 2789
9994077 820
9998236 1366
10002395 1463
10006554 659
10010713 2541
10014872 267
10019031 364
10023190 1783
10027349 2704
10031508 1163
10035667 2934
10039826 1615
10043985 2521
10048144 1468
10052303 1275
10056462 739
10060621 220
10064780 1812
10068939 840
10073098 1382
10077257 1060
10081416 1872
10085575 2287
10089734 1406
10093893 2092
10098052 2276
10102211 1716
10106370 1280
10110529 2663
10114688 949
10118847 2761
10123006 1310
10127165 1458
10131324 2533
10135483 1036
10139642 1196
10143801 2311
10147960 366
10152119 606
10156278 1489
10160437 1600
10164596 681
10168755 2544
10172914 1342
10177073 1006
10181232 770
10185391 68
10189550 2786
10193709 1191
10197868 874
10202027 275
10206186 2020
10210345 2877
10214504 1795
10218663 1513
10222822 813
10226981 2399
10231140 2116
10235299 1628
10239458 297
10243617 4
10247776 473
10251935 2621
10256094 1294
10260253 2947
10264412 1192
10268571 2033
10272730 839
10276889 1997
10281048 1386
10285207 1756
10289366 2144
10293525 1333
10297684 259
10301843 2799
10306002 2109
10310161 2470
10314320 2672
10318479 2435
10322638 1479
10326797 639
10330956 526
10335115 2034
10339274 690
10343433 2677
10347592 1461
10351751 187
10355910 2976
10360069 831
10364228 574
10368387 562
10372546 2055
10376705 1603
10380864 300
10385023 944
10389182 1718
10393341 331
10397500 2510
10401659 182
10405818 527
10409977 382
10414136 1344
10418295 864
10422454 1334
10426613 2042
10430772 2313
10434931 1279
10439090 2187
10443249 740
10447408 1768
10451567 772
10455726 365
10459885 2700
10464044 2004
10468203 1019
10472362 351
10476521 1622
10480680 2757
10484839 2853
10488998 1710
10493157 1550
10497316 306
10501475 119
10505634 815
10509793 47
10513952 1739
10518111 2240
10522270 2199
10526429 2398
10530588 2557
10534747 2430
10538906 616
10543065 169
10547224 842
10551383 1469
10555542 1236
10559701 1176
10563860 2056
10568019 455
10572178 555
10576337 346
10580496 414
10584655 2210
10588814 737
10592973 2356
10597132 2568
10601291 754
10605450 83
10609609 2765
10613768 172
10617927 2266
10622086 700
10626245 899
10630404 1940
10634563 1043
10638722 1610
10642881 476
10647040 1162
10651199 481
10655358 893
10659517 2725
10663676 2546
10667835 884
10671994 493
10676153 2189
10680312 1332
10684471 1598
10688630 1471
10692789 2304
10696948 2410
10701107 2460
10705266 519
10709425 2848
10713584 2598
10717743 1215
10721902 2710
10726061 2075
10730220 2217
10734379 20
10738538 2866
10742697 756
10746856 2241
10751015 1102
10755174 1684
10759333 1415
10763492 1430
10767651 1649
10771810 567
10775969 81
10780128 767
10784287 212
10788446 926
10792605 446
10796764 2006
10800923 1905
10805082 209
10809241 1042
10813400 2646
10817559 436
10821718 790
10825877 776
10830036 1699
10834195 1865
10838354 1701
10842513 649
10846672 678
10850831 1910
10854990 1350
10859149 1680
10863308 1881
10867467 226
10871626 1791
10875785 137
10879944 2781
10884103 17
10888262 2515
10892421 1951
10896580 2354
10900739 987
10904898 1127
10909057 2655
10913216 1417
10917375 2261
10921534 825
10925693 2148
10929852 2830
10934011 1256
10938170 2252
10942329 1093
10946488 385
10950647 1448
10954806 747
10958965 819
10963124 174
10967283 399
10971442 918
10975601 401
10979760 546
10983919 615
10988078 1189
10992237 1596
10996396 1470
11000555 1213
11004714 2524
11008873 213
11013032 2246
11017191 2820
11021350 76
11025509 768
11029668 973
11033827 2090
11037986 940
11042145 1216
11046304 1337
11050463 1808
11054622 582
11058781 838
11062940 1776
11067099 2764
11071258 2447
11075417 1298
11079576 2204
11083735 465
11087894 325
11092053 1517
11096212 2829
11100371 1797
11104530 2445
11108689 23
11112848 2918
11117007 1979
11121166 1740
11125325 1512
11129484 2279
11133643 1511
11137802 1950
11141961 2909
11146120 1587
11150279 1266
11154438 877
11158597 1292
11162756 1022
11166915 1452
11171074 33
11175233 1626
11179392 1467
11183551 2337
11187710 1674
11191869 601
11196028 1796
11200187 1194
11204346 1741
11208505 1903
11212664 1636
11216823 1412
11220982 959
11225141 184
11229300 77
11233459 2192
11237618 338
11241777 185
11245936 1585
11250095 1617
11254254 1996
11258413 875
11262572 1516
11266731 630
11270890 2640
11275049 2581
11279208 1132
11283367 2425
11287526 1444
11291685 60
11295844 1293
11300003 1708
11304162 1297
11308321 1453
11312480 2539
11316639 2408
11320798 560
11324957 1558
11329116 2019
11333275 2302
11337434 2787
11341593 120
11345752 2118
11349911 1065
11354070 2602
11358229 389
11362388 101
11366547 972
11370706 826
11374865 2505
11379024 833
11383183 2002
11387342 1331
11391501 1751
11395660 2439
11399819 178
11403978 1251
11408137 769
11412296 252
11416455 2883
11420614 817
11424773 2322
11428932 1973
11433091 2727
11437250 199
11441409 2885
11445568 468
11449727 2579
11453886 1014
11458045 64
11462204 2212
11466363 824
11470522 2872
11474681 729
11478840 1990
11482999 241
11487158 1315
11491317 937
11495476 543
11499635 1692
11503794 541
11507953 2752
11512112 655
11516271 1726
11520430 2783
11524589 347
11528748 50
11532907 442
11537066 1770
11541225 1087
11545384 139
11549543 1645
11553702 490
11557861 837
11562020 1321
11566179 2419
11570338 326
11574497 1878
11578656 421
11582815 2415
11586974 2166
11591133 1178
11595292 642
11599451 775
11603610 2577
11607769 1846
11611928 1721
11616087 799
11620246 2032
11624405 2870
11628564 2222
11632723 1445
11636882 1419
11641041 1476
11645200 1142
11649359 2374
11653518 2254
11657677 2001
11661836 37
11665995 566
11670154 1368
11674313 2729
11678472 2216
11682631 1659
11686790 2915
11690949 1483
11695108 1077
11699267 1429
11703426 1098
11707585 588
11711744 936
11715903 1208
11720062 1679
11724221 1763
11728380 1840
11732539 1562
11736698 2775
11740857 2432
11745016 2285
11749175 2025
11753334 503
11757493 1029
11761652 2838
11765811 1902
11769970 246
11774129 551
11778288 544
11782447 2221
11786606 1711
11790765 2680
11794924 2462
11799083 2284
11803242 1689
11807401 2917
11811560 1933
11815719 1405
11819878 587
11824037 2897
11828196 1184
11832355 2278
11836514 977
11840673 217
11844832 2420
11848991 243
11853150 450
11857309 2564
11861468 1198
11865627 378
11869786 1206
11873945 1954
11878104 2851
11882263 358
11886422 2913
11890581 1839
11894740 380
11898899 2643
11903058 1658
11907217 1975
11911376 394
11915535 2444
11919694 2145
11923853 253
11928012 2587
11932171 807
11936330 418
11940489 979
11944648 2733
11948807 1778
11952966 536
11957125 1363
11961284 2151
11965443 2091
11969602 353
11973761 1675
11977920 2614
11982079 771
11986238 597
11990397 1360
11994556 318
11998715 2213
12002874 361
12007033 2647
12011192 2094
12015351 2701
12019510 1254
12023669 1962
12027828 2029
12031987 969
12036146 32
12040305 1276
12044464 862
12048623 390
12052782 674
12056941 984
12061100 1604
12065259 1932
12069418 2072
12073577 2057
12077736 1863
12081895 449
12086054 2446
12090213 1722
12094372 1214
12098531 1734
12102690 1357
12106849 1424
12111008 2351
12115167 188
12119326 2112
12123485 1609
12127644 357
12131803 859
12135962 2293
12140121 1794
12144280 2349
12148439 2455
12152598 2388
12156757 49
12160916 415
12165075 990
12169234 1514
12173393 1287
12177552 751
12181711 310
12185870 1397
12190029 2831
12194188 2929
12198347 329
12202506 1264
12206665 2556
12210824 1269
12214983 2084
12219142 2066
12223301 1265
12227460 2309
12231619 1856
12235778 946
12239937 1668
12244096 2454
12248255 1313
12252414 1735
12256573 1262
12260732 1584
12264891 2330
12269050 707
12273209 91
12277368 2619
12281527 2012
12285686 412
12289845 1480
12294004 2977
12298163 1549
12302322 1267
12306481 1646
12310640 2540
12314799 1021
12318958 1249
12323117 1843
12327276 1134
12331435 1133
12335594 1536
12339753 2043
12343912 1588
12348071 475
12352230 2740
12356389 1537
12360548 2795
12364707 887
12368866 1746
12373025 1109
12377184 537
12381343 924
12385502 505
12389661 496
