0 1 2 
0 0
0 1 3 
3100 0
0 1 4 
40000 1
0 1 5 
50000 1
0 1 6 
60000 1
0 1 7 
70000 1
0 1 8 
80000 1
0 1 9 
90000 1
0 2 3 
32000 1
0 2 4 
40000 1
0 2 5 
50000 1
0 2 6 
60000 1
0 2 7 
70000 1
0 2 8 
80000 1
0 2 9 
90000 1
0 3 4 
33000 1
0 3 5 
33000 1
0 3 6 
33000 1
0 3 7 
33000 1
0 3 8 
33000 1
0 3 9 
33000 1
0 4 5 
40000 1
0 4 6 
40000 1
0 4 7 
40000 1
0 4 8 
40000 1
0 4 9 
40000 1
0 5 6 
50000 1
0 5 7 
50000 1
0 5 8 
50000 1
0 5 9 
50000 1
0 6 7 
60000 1
0 6 8 
60000 1
0 6 9 
60000 1
0 7 8 
70000 1
0 7 9 
70000 1
0 8 9 
80000 1
1 2 3 
31111 1
1 2 4 
41111 1
1 2 5 
51111 1
1 2 6 
61111 1
1 2 7 
71111 1
1 2 8 
81111 1
1 2 9 
91111 1
1 3 4 
31111 1
1 3 5 
31111 1
1 3 6 
31111 1
1 3 7 
31111 1
1 3 8 
31111 1
1 3 9 
31111 1
1 4 5 
41111 1
1 4 6 
41111 1
1 4 7 
41111 1
1 4 8 
41111 1
1 4 9 
41111 1
1 5 6 
51111 1
1 5 7 
51111 1
1 5 8 
51111 1
1 5 9 
51111 1
1 6 7 
61111 1
1 6 8 
61111 1
1 6 9 
61111 1
1 7 8 
71111 1
1 7 9 
71111 1
1 8 9 
81111 1
2 3 4 
32222 1
2 3 5 
32222 1
2 3 6 
32222 1
2 3 7 
32222 1
2 3 8 
32222 1
2 3 9 
32222 1
2 4 5 
42222 1
2 4 6 
42222 1
2 4 7 
42222 1
2 4 8 
42222 1
2 4 9 
42222 1
2 5 6 
52222 1
2 5 7 
52222 1
2 5 8 
52222 1
2 5 9 
52222 1
2 6 7 
62222 1
2 6 8 
62222 1
2 6 9 
62222 1
2 7 8 
72222 1
2 7 9 
72222 1
2 8 9 
82222 1
3 4 5 
33333 1
3 4 6 
33333 1
3 4 7 
33333 1
3 4 8 
33333 1
3 4 9 
33333 1
3 5 6 
33333 1
3 5 7 
33333 1
3 5 8 
33333 1
3 5 9 
33333 1
3 6 7 
33333 1
3 6 8 
33333 1
3 6 9 
33333 1
3 7 8 
33333 1
3 7 9 
33333 1
3 8 9 
33333 1
4 5 6 
44444 1
4 5 7 
44444 1
4 5 8 
44444 1
4 5 9 
44444 1
4 6 7 
44444 1
4 6 8 
44444 1
4 6 9 
44444 1
4 7 8 
44444 1
4 7 9 
44444 1
4 8 9 
44444 1
5 6 7 
55555 1
5 6 8 
55555 1
5 6 9 
55555 1
5 7 8 
55555 1
5 7 9 
55555 1
5 8 9 
55555 1
6 7 8 
66666 1
6 7 9 
66666 1
6 8 9 
66666 1
7 8 9 
77777 1
31111
