1000 1000
36266 36277
7983 8130
94952 94970
87134 87163
47416 47444
31001 31054
88520 88537
2912 2962
61025 61027
92650 92781
29804 29888
37828 37833
98929 99001
32262 32402
95742 95752
28291 28322
43566 43586
89279 89290
71665 71671
39632 39696
75145 75157
19989 20012
5748 5842
78676 78691
67064 67089
3072 3097
47451 47479
3674 3793
64530 64580
31462 31593
94884 94912
60360 60375
36506 36540
72634 72697
20200 20264
90136 90189
1997 2015
55310 55486
93076 93091
40298 40352
99138 99171
37694 37700
40441 40535
37560 37592
67167 67238
73030 73053
17316 17320
27254 27342
11448 11462
82622 82745
67625 67633
85007 85109
24827 24832
78442 78479
39759 39796
21370 21389
19628 19663
60083 60143
81842 81871
15942 15958
2056 2060
70180 70248
26539 26623
13542 13554
40167 40292
38760 38768
4588 4600
85732 85762
75556 75648
98335 98353
77975 77997
75257 75291
58081 58092
74463 74520
49705 49729
67366 67483
8939 8993
32023 32230
56536 56663
18607 18609
4570 4586
79329 79402
67883 67902
31669 31679
72937 72991
29432 29484
13609 13616
78631 78632
50307 50308
51984 52061
52776 52796
25994 26018
39575 39581
38475 38504
38567 38690
96894 97072
35981 35988
11857 11862
19732 19738
19929 19951
88054 88058
10978 11055
57106 57110
24893 24900
20301 20303
71695 71700
96697 96811
33571 33783
1566 1586
52714 52735
34791 34949
97838 97948
88681 88688
34204 34242
18461 18472
18035 18258
30832 30922
34138 34203
16683 16740
74736 74859
27873 27883
95270 95283
73688 73714
53616 53622
57759 57816
84205 84218
43299 43346
38813 38840
88718 88748
93466 93483
8915 8917
33159 33233
98653 98654
46947 47026
33908 33911
94170 94173
47051 47078
20928 20981
97091 97136
53772 53785
36733 36780
74532 74533
57201 57216
39732 39742
81193 81242
9254 9279
37052 37092
6434 6448
59764 59780
28183 28188
25637 25640
85144 85178
53822 53828
84316 84334
12386 12452
59336 59382
93145 93259
66324 66327
19952 19953
41161 41203
22514 22636
43035 43052
24505 24552
89969 89992
48321 48346
57986 58004
29908 29964
92010 92092
31834 31856
53074 53082
54257 54279
57377 57386
85477 85557
88799 88801
91644 91854
33952 34061
14227 14248
99025 99062
85956 86134
10171 10271
78349 78364
38988 39004
50380 50392
79679 79718
81263 81269
16459 16462
75361 75377
13328 13364
56728 56751
68823 68824
67966 67993
83191 83212
46765 46789
15924 15926
51658 51854
13771 13789
42185 42243
62898 63053
20588 20615
87922 88032
92498 92499
14024 14064
51248 51279
58700 58813
48191 48306
28327 28452
66355 66360
51306 51418
5967 5982
23782 23799
80839 80876
59393 59448
28952 28965
63652 63658
18881 18894
18683 18792
78910 78922
61829 61869
53367 53391
92948 92951
63072 63077
31394 31458
25964 25969
21094 21185
535 638
76206 76387
84274 84309
92515 92521
67540 67566
20305 20340
83870 83995
16024 16175
70520 70528
18482 18577
42089 42118
57950 57967
5513 5538
66663 66702
49375 49410
46493 46546
56986 57065
70889 70912
50763 50790
6547 6557
45486 45557
63665 63757
2831 2842
97383 97459
90523 90524
80290 80298
54842 54946
93512 93529
96446 96447
56869 56875
3944 3978
47592 47676
48367 48441
75399 75497
16820 16870
63106 63151
28254 28279
94994 95005
1369 1465
85311 85339
4797 4918
73573 73585
21532 21545
15681 15854
99615 99752
81953 81964
79649 79665
23116 23176
56836 56868
34576 34585
77149 77208
96007 96024
57113 57173
86268 86325
81333 81363
31371 31372
16474 16529
51876 51880
2590 2596
78514 78544
62346 62434
87426 87508
38084 38118
80227 80274
62561 62587
22268 22310
26636 26675
65415 65499
90661 90762
12505 12511
38131 38313
70946 70979
47743 47752
44753 44774
73850 73876
42157 42168
95504 95521
90825 90928
39049 39218
73101 73160
88275 88286
56162 56230
22704 22800
39414 39424
71765 71815
16384 16392
47943 47955
66071 66102
98815 98888
61469 61534
31621 31641
22915 22952
8169 8250
19701 19709
82173 82203
32689 32724
42578 42587
81388 81499
58904 58955
47148 47153
47214 47265
55752 55917
84685 84714
45219 45239
41463 41474
12863 12985
25404 25454
46671 46735
42793 42900
11888 11946
80438 80630
3799 3811
82255 82275
71389 71451
44454 44455
11499 11561
55071 55105
15869 15880
85818 85905
10610 10782
140 169
48942 48989
73660 73684
43275 43289
20126 20136
50286 50292
41221 41329
6744 6785
16541 16598
93572 93583
86190 86225
57676 57685
60281 60315
99455 99491
66233 66246
19833 19908
6612 6695
3617 3664
89106 89125
19524 19557
35568 35594
77519 77545
95457 95497
73913 73955
64776 64839
805 982
97668 97689
83727 83822
10822 10842
29115 29230
92221 92268
67814 67823
24563 24573
79023 79103
76947 76979
36078 36093
22386 22482
78570 78606
72436 72524
75062 75068
35318 35345
29978 29995
80640 80659
28053 28072
42764 42781
86837 86860
60941 60942
21232 21324
49012 49021
38005 38055
94616 94635
78047 78229
77398 77414
60956 60991
97596 97648
41357 41363
85449 85464
89047 89063
52323 52403
94304 94380
22488 22495
64920 64977
21747 22003
81563 81613
36548 36553
63772 63959
33374 33435
6088 6144
45318 45384
15036 15048
68840 68983
27429 27485
35500 35543
80927 80954
1026 1070
64863 64892
92532 92538
42412 42454
25664 25724
60394 60639
24092 24225
44319 44334
57898 57907
70769 70778
97738 97795
28873 28931
74681 74731
79454 79554
39897 39914
73745 73848
93780 93835
56315 56318
24360 24438
19809 19821
69702 69789
46240 46362
83611 83676
39382 39405
42368 42377
93108 93144
94037 94105
9124 9194
95374 95406
68731 68814
11184 11263
65110 65147
30619 30626
53705 53709
3223 3246
31916 32017
36473 36477
77369 77389
89551 89618
18269 18382
54067 54080
17071 17108
61988 62033
66402 66517
53405 53407
41813 41928
1120 1218
8596 8778
41938 41953
34284 34317
74111 74225
95651 95713
6453 6464
87321 87342
30692 30714
25100 25200
88953 88995
34473 34481
51912 51922
8835 8881
7690 7830
93264 93270
26093 26128
68451 68649
249 285
90987 91244
80989 80990
66809 66873
32814 32963
21029 21092
71827 71841
61035 61076
43058 43067
31824 31826
44456 44459
74902 75047
13927 14002
5237 5275
8790 8832
50653 50670
1910 1918
19607 19610
18384 18445
73982 74037
99768 99816
67301 67329
56404 56412
80396 80399
27580 27629
3448 3555
87824 87908
74572 74607
85616 85712
37208 37234
41700 41720
38862 38889
649 734
36917 37032
64442 64495
14146 14150
60731 60778
10417 10533
13624 13756
20633 20671
37614 37629
45248 45309
92961 93046
96176 96315
84372 84649
58164 58216
94503 94588
69071 69314
27735 27755
44861 44905
81160 81178
46097 46200
21647 21702
52565 52641
52768 52772
7833 7862
69439 69495
77011 77031
82788 82833
66155 66165
92137 92214
47791 47804
37286 37314
2307 2406
55132 55201
23021 23070
93939 93993
94433 94442
84858 84931
21189 21195
12262 12266
27543 27565
72341 72343
35013 35152
64161 64171
28550 28585
25024 25052
15381 15406
33066 33115
95062 95201
43434 43477
53159 53336
56442 56465
81099 81138
42684 42760
10862 10928
11113 11138
13383 13446
56697 56704
17689 17700
48832 48903
94187 94295
27117 27214
5294 5386
7610 7658
76814 76863
26856 26979
62857 62874
17158 17198
42001 42008
29245 29349
45673 45813
74561 74566
73256 73266
72044 72047
44180 44197
16779 16787
29373 29417
54800 54823
26990 27091
88119 88150
32438 32476
29501 29531
2635 2812
17552 17574
39609 39627
15091 15190
28099 28119
7566 7608
77903 77907
55994 55995
86633 86687
4091 4193
18013 18019
76121 76123
83308 83437
98719 98786
18927 18959
68041 68076
83707 83717
36815 36868
83084 83085
30099 30187
26245 26345
17376 17401
53427 53518
76746 76782
23481 23531
29030 29034
30936 30944
9706 9954
49746 49839
40903 41048
62779 62780
62129 62268
86512 86555
38900 38966
90006 90075
30361 30579
25343 25362
84070 84089
1970 1973
80957 80984
5398 5462
44815 44822
29561 29602
81518 81549
14969 14975
97306 97339
84719 84803
28501 28525
70461 70489
26161 26172
12580 12643
14816 14876
99218 99323
74364 74429
6211 6310
46623 46625
9474 9560
64226 64318
69982 69995
74658 74664
93390 93454
9028 9044
21405 21509
50797 50820
32624 32684
96489 96622
73275 73281
334 506
66877 66897
82499 82586
64728 64732
51159 51197
1531 1541
96822 96832
50744 50761
38407 38414
88403 88448
65980 65997
37239 37248
62591 62593
50532 50625
14266 14320
51565 51606
87589 87707
2218 2253
51049 51072
11311 11437
81977 82059
7973 7977
62712 62739
2092 2198
41618 41630
97952 97978
42056 42075
44199 44202
60068 60082
6190 6209
89150 89205
55516 55559
71627 71646
79889 79912
57856 57875
47032 47046
71224 71305
23533 23590
25919 25948
7327 7335
90576 90586
91880 91885
43174 43234
29421 29427
3134 3182
98417 98471
4031 4050
15566 15631
12673 12712
76400 76492
63400 63421
8444 8451
12789 12813
61353 61401
97483 97516
2508 2587
18984 19522
37431 37450
65736 65741
84030 84032
96425 96443
47826 47871
4065 4087
87222 87271
95789 95805
79732 79815
28660 28674
91914 91917
74353 74358
5470 5473
45868 46078
47977 47997
53031 53037
31172 31254
39923 40081
72175 72187
45194 45201
54114 54208
69502 69538
98026 98193
34661 34668
87726 87814
11610 11620
22973 22978
66913 66916
31601 31613
94681 94775
64333 64434
83224 83262
87169 87183
31795 31816
49419 49590
66982 67057
34 78
17619 17653
14386 14547
29648 29797
14010 14019
38330 38393
37788 37810
58610 58632
97140 97305
17892 17985
93653 93711
57494 57504
10385 10398
94002 94017
62813 62853
30220 30305
65214 65369
17476 17542
46845 46850
11761 11786
33524 33549
1683 1860
7299 7323
90190 90373
89827 89829
11824 11842
51146 51150
39265 39285
86911 86919
12475 12497
23217 23398
96060 96094
68082 68161
52099 52154
91624 91640
70599 70738
7169 7205
30082 30091
19564 19568
88229 88258
41725 41808
12576 12578
59623 59645
71005 71052
42527 42566
58536 58576
69686 69696
96128 96152
1496 1517
97582 97588
88084 88086
50953 50975
47092 47115
84940 84951
66546 66587
45116 45179
14344 14345
83137 83184
91338 91479
7346 7435
26461 26517
40593 40617
69613 69618
50140 50164
17718 17792
70346 70441
17438 17447
30739 30804
28761 28841
70746 70767
71865 71977
3388 3407
61112 61146
16903 16941
69849 69946
57606 57652
46381 46406
53895 53967
59453 59458
90946 90979
37721 37722
72268 72289
80999 81039
23905 23908
44554 44727
77999 78036
59194 59279
21561 21617
27794 27819
24440 24462
77302 77323
50406 50509
35173 35219
82756 82764
73531 73554
99565 99577
86977 87028
50876 50886
41518 41555
8291 8365
59855 59983
86932 86976
71145 71180
43982 44049
88855 88951
52163 52295
16215 16335
75668 75715
64103 64160
39797 39891
7516 7550
92810 92919
49157 49191
35675 35677
94404 94412
10793 10808
49856 49909
14606 14714
82321 82488
80791 80815
60912 60938
5111 5186
8456 8502
87350 87359
6565 6602
63489 63554
34611 34650
6952 6995
98478 98623
30014 30079
60040 60047
47962 47965
36121 36158
7462 7500
80665 80752
43238 43250
43604 43750
77435 77438
39029 39048
59524 59528
46878 46901
77623 77721
16624 16662
65040 65100
70026 70057
7031 7146
66341 66352
35723 35889
71481 71533
17226 17293
58337 58493
55961 55991
4248 4398
86410 86432
11627 11750
75751 75816
92385 92493
75982 76070
32981 33013
35451 35477
61409 61430
23089 23098
63589 63624
56342 56370
42475 42491
26815 26855
81614 81703
50213 50228
25456 25488
5609 5689
48000 48105
20065 20069
78237 78342
72580 72586
76170 76191
86754 86781
9979 10103
61901 61941
40553 40557
68386 68395
77214 77269
65527 65698
78714 78792
65870 65907
29040 29078
42977 43011
82089 82155
85128 85132
61193 61345
34432 34452
43114 43142
79970 80160
54522 54737
48466 48486
95938 95961
8378 8379
79115 79294
89719 89725
20834 20862
81966 81968
93853 93880
83684 83705
17796 17864
15213 15364
28143 28148
13460 13520
57888 57897
90387 90401
53552 53593
61872 61875
43775 43825
20388 20492
24846 24876
49218 49272
43757 43763
17407 17427
15632 15639
83476 83603
25823 25915
76870 76887
64585 64620
43505 43539
288 293
55919 55931
11963 12168
82856 82915
15448 15464
57418 57477
40646 40809
41387 41406
34674 34709
60668 60695
91552 91620
68659 68700
16971 17008
29628 29639
24631 24757
24326 24339
66249 66253
73212 73253
49335 49370
9619 9647
59540 59564
76520 76603
36328 36457
