100000 500
486965770 488579035
1111322037 1113899346
871544540 871671671
440870195 441047815
1439583889 1442041960
1396267148 1397589739
684081086 685126754
1016803855 1018066775
185926940 187111602
405138006 405764339
117767990 118100489
1048019129 1049092660
1258207432 1258768767
101754006 103373511
1070194049 1070232645
588962795 591145621
453516425 453830582
1018232826 1019714201
1334155771 1334926442
1123470473 1126628199
41197770 41295651
917000314 918268949
45779660 46397886
1197580638 1197680451
538860301 546123382
880279359 880366266
912465616 912921558
286763431 286891660
1475567393 1476189515
16272656 16704243
1092732743 1093414487
679507156 681512963
611828084 612181429
369640543 371634126
1372852771 1373499298
929231120 929616014
199488338 200257673
1239967988 1241630171
1250365930 1250736515
357113955 357273425
1043135325 1044375502
631220292 635554778
720928410 721624733
583622939 586214254
247253388 249347228
1209303757 1213334562
1274838624 1277120892
897744435 899112404
78975187 79553439
639201058 640907792
1342384101 1342542269
624879927 625366304
806046663 806373703
968769468 970785230
126344386 127090357
3892408 9234204
235807646 241011553
183809103 184232269
1354234168 1357694320
1247838100 1249698258
1189902850 1190304613
1344164364 1344676683
1465248778 1467788154
686453962 687228880
546793186 548483611
327614309 328068236
928844267 929102083
1182514758 1182530711
1230599445 1232282519
309348282 312885749
78675160 78697219
1238074045 1238372776
1363630513 1364586073
331487470 331791915
1358306518 1359786561
294834880 295285792
782835820 783610596
1107718870 1108048863
328899905 329110572
1034532299 1037516727
163542525 164845467
151250014 151526830
1026561637 1026698507
1165172626 1165690507
1447174835 1448526530
1027224154 1031925273
1266381537 1268143951
299398952 299711399
1097222051 1102166078
1297174347 1297183125
648588423 650520161
325746590 326528977
70142937 71229965
415567339 417718800
1224160568 1224761971
747557066 749011826
254448914 254761041
484323840 485404976
100256659 100879006
1061514286 1061758411
351838230 352092825
582031999 582179790
1170645018 1171951709
242639827 244739459
1288890461 1290415506
1405617173 1406410940
721830124 722999397
707262 1392447
767449752 768741686
964332725 965517501
321201689 322208739
1460999422 1461168883
1453064511 1453139562
1182676633 1183470762
949227900 949656055
347717167 349847602
85988938 87000770
1143380981 1144114150
212571846 212958964
749755292 750586523
85220610 85950777
1103625767 1107464816
1226301217 1226660710
323798741 324820205
716997704 719566460
1076468355 1078847572
1054469447 1055143157
609003310 611155768
1002303341 1002519195
662960518 666636424
24933270 28103932
297126429 298454769
930330459 930532146
1237639684 1237758213
267852310 272093557
266365045 267556190
770617786 773351377
142544134 144130536
1203903855 1204925879
836767355 838184278
701016074 707974943
1155958372 1157124245
1399949840 1402933191
761120793 763749982
755939101 756281085
259841025 261094703
1445222122 1446357861
426306279 427287867
1302527931 1305284152
76809770 77000965
1328180136 1332833963
108076410 108245935
222795669 228198641
697548088 697968949
574156720 574594546
716356822 716585969
396731020 397622846
93483877 94063365
251220356 251358789
801942766 803303179
642046510 643652994
715498314 716290197
1484528514 1485713057
1437703534 1439385606
553118462 557032597
865160281 865617349
464588670 465664876
264230125 266159478
720590421 720924713
91186314 91586227
577125361 579806577
851132061 856550464
1157642992 1158389222
493506945 494218697
832863969 834311813
1326572475 1327763461
732510543 736443947
481963994 483738393
95616641 96101357
708259789 710108428
74548951 76551688
343653722 346063540
751609505 751726321
950714227 954854863
625702493 626099908
92293596 92420516
37497105 38320306
763874165 763890525
220884317 221156716
1121435173 1121703243
108569830 108647291
1166356722 1166810902
1255161062 1255892821
198522676 199458634
650881025 652309851
153295385 154012373
1259054520 1259377420
205232532 211725658
656535746 660659014
956086637 958046499
456133012 457978370
947156256 947829058
1261570488 1266043476
52929280 54715577
737164119 737893061
939105901 939935481
290267452 290345289
393179770 394434045
1278832080 1279474742
1128342701 1129044623
591621609 595799419
896106156 896911652
502265231 502576981
987757275 990305297
135294034 138225979
1319728969 1320179592
155255390 155392016
432758572 436329821
188077392 195774282
303462892 304279254
1146446078 1147010715
1316053938 1319306937
1282807002 1286346319
878548135 879258547
444906789 447923528
1233044006 1233256014
485898583 485923307
1196295906 1196688014
67657598 69733233
868436918 870924457
202491601 204246292
300176493 300575454
860464748 863372508
204853168 205208585
1219968617 1220420374
10639063 12071726
145177863 147497366
824518240 824902928
670478116 671063416
374161934 375884967
688423522 689037368
1134809488 1136073798
495385397 495430038
996977064 997622121
424495304 426283483
1119855250 1120444610
1256536712 1257058335
1118717314 1119763839
797383775 797614165
390364303 392540074
278306692 285095831
441868978 444262781
98147937 99152592
21474393 21576588
995285026 996425258
910179246 912146564
1049561113 1049925175
926439363 928177200
1087545687 1088096619
560095565 565321273
1198729697 1201685393
667161509 668801720
1368265477 1371836884
47872368 50891543
1297319413 1298730706
503263103 503430036
752577320 752591026
876889253 877328951
777158343 777410350
714565496 715221572
628604571 630059052
1269278423 1271245800
613404638 619134518
1361346910 1362928081
1206806987 1207614721
1246294060 1247739367
1038272727 1038482013
1005444985 1007346989
353013657 354262881
765694443 766812968
970835854 971440492
32337335 32392970
1179986905 1181949681
998572782 1000338807
58235993 65100575
403966437 404663652
835947427 836033638
14536008 15241870
363448352 363896421
94867610 95132454
1463604566 1465229210
386159593 386175372
1155337481 1155386670
1177651847 1178544397
558452941 559494153
128295224 131437514
865961152 867835207
535813907 536828714
672614882 674590584
967918055 968090071
336819666 338342951
521991423 525982789
252096527 253363522
1009754357 1011297383
176681787 181117059
497631087 499570019
459388415 461943476
1081144162 1085727843
819078804 820111125
1089418907 1090117662
1254835430 1255131547
645109414 648195891
1286758015 1287010153
526870546 530381178
272358257 275193272
1147062979 1151888257
1071233033 1071265225
850813254 850980446
789119801 790215973
1205499460 1205694559
409558487 411494319
1167310405 1167549994
842665825 844414734
1476461929 1481655503
1455978958 1458965016
1013258431 1014338640
512416249 519273190
505628317 506264439
1390984808 1393667168
698820808 699435812
790746882 793452841
1454072134 1454256799
935364741 938981684
1348992190 1352819887
1376448299 1377672150
116744335 117321071
1378806750 1382198264
873754571 873819065
41417097 45633508
691419226 691498304
1451922679 1452345085
1056720272 1057329922
96922325 97971293
1191796826 1193441703
496386912 496586555
1320451799 1322412355
1271308940 1271676295
603152712 607651121
453935221 456121304
1280068357 1280546179
807762737 808688868
1019831325 1023465546
104127443 107508532
307777128 308837075
1114875854 1117819158
966070653 967113917
1347437594 1347576212
681948863 683602938
872267475 873032596
1442310431 1442461042
588066383 588900328
215721607 217361672
305411868 307121469
1481981520 1483771990
784505441 785766992
65334933 66587137
195817247 198131790
754825622 755834807
565706546 574116182
897146100 897366181
1095992641 1096016866
329275352 330651448
14314170 14345225
356069690 356988960
376381195 377848391
1185835207 1189765003
338954640 341437767
883352091 883655333
56455400 56550641
1152267059 1153067248
696973092 697316784
478083533 479029093
1090417330 1091403326
285506667 286261070
781401207 782150063
757740319 758380681
1424643682 1430683355
979994836 981400638
723230941 727022050
1129048097 1131874346
600358765 601194435
1277782958 1278320380
1176156739 1176890588
1421982660 1424304105
692654427 693990482
506900865 508967019
533603047 533690241
900490758 900871946
891254149 894556369
710305584 710591430
1308814211 1311870950
13354626 14050829
711119663 713184212
1360758315 1361199586
981837604 985676861
889593276 890193744
1208871620 1209158887
940679800 940737919
1070379129 1071222503
358829942 360357834
874846203 874958630
753383265 754143218
1324952656 1325074828
1108917365 1110118147
838535840 839286632
1434200747 1434666065
902884655 903322407
275510559 277644802
942828709 944201404
318662234 319066997
328082992 328850108
676899001 679082127
246595387 246874024
959189463 960893131
1435353987 1436040746
823660416 824274393
557096869 557998432
389432782 389997593
807235505 807685854
440122831 440868151
1313027778 1314293979
620576693 621769264
923699265 926096234
946133913 946401911
213789227 213830496
462177209 462405608
1388202101 1390895269
574785960 575249769
318107322 318272323
55546254 55676662
1436881852 1437529357
298753069 298761845
166713545 171665270
411912194 414646191
122740013 123124004
1384187149 1387372755
713683218 714041483
1216449729 1217455983
6097 17893
902274571 902842959
600066877 600217749
821725571 822809766
808787265 811203342
1137521271 1141469887
777953240 779111013
354994585 355008471
895127951 895555693
28348703 28843309
1251356026 1251433703
1227165694 1230409782
774560617 775669748
468750764 469644518
739723997 744137629
472433298 473978365
1169062100 1170479573
770226622 770612150
813977653 817066740
418580005 419463131
419468240 421227757
919101749 921538929
319707937 320040067
884669342 887949374
906768135 908910376
421276325 421394343
1293116908 1296481379
1002867696 1004461293
131605259 131609738
655210576 655524614
173120963 175235201
841898975 841985047
234013488 234271174
108695803 111749531
779313859 780948393
481254130 481807339
746186586 747405174
729001833 732372370
214875195 215096071
448642314 450584229
1207753470 1208408814
1220527949 1220875549
466481838 466709100
975876321 978584079
666678070 666877772
794329567 795451012
961938497 962540601
38445680 39990347
1071617078 1075868401
494283431 494866196
549197823 549818389
79748419 84588474
