750 1000
276966 84 -27
406220 29 -9
332872 30 -1
409504 71 -14
363369 16 -25
226341 97 +17
700724 46 -15
122847 22 +19
243556 89 +47
537765 42 -5
792351 1 +61
757035 25 +32
324915 57 +55
373744 28 +59
148366 37 +27
151433 38 +19
899229 8 +43
901475 59 -12
794396 38 -4
908236 19 +61
894429 12 +11
335929 77 -4
322405 64 +11
114614 7 +6
436841 19 -29
235129 70 +56
67918 97 -16
43325 71 +11
512184 100 +58
689773 45 -8
755591 40 -28
502955 70 +54
338083 65 +10
110198 56 -26
228805 12 +16
573623 100 -5
887344 69 +14
354341 12 -11
613811 2 -28
425662 79 -3
811306 37 -13
79445 23 -7
503466 17 -25
408283 25 +26
167638 25 +30
962601 53 +4
911900 51 +47
947469 74 +39
487132 31 +49
808934 61 +62
370164 82 +67
548900 60 +64
713774 69 -20
187191 27 +63
116467 41 +52
422091 77 +52
855543 8 +4
517446 80 +24
418419 13 +55
103349 60 +40
262010 11 +4
166343 7 +55
319302 73 -20
575322 20 +23
44600 5 -12
955940 41 -22
915668 29 -28
811128 85 +18
996659 25 -13
602423 97 +37
54082 85 -3
679293 73 +40
73851 86 -8
741223 41 +67
606043 14 +66
352299 25 +58
942591 82 -24
288820 33 +4
371156 5 +62
160380 74 +37
981777 56 +18
721861 80 +10
445885 6 +61
867622 5 +35
690614 55 +29
31327 45 +27
828203 7 -31
936785 43 -12
390869 90 -5
608873 59 -25
210499 9 +4
457754 4 +16
33334 49 +1
772891 68 +22
251747 30 +36
514501 89 +14
549798 91 +17
273304 64 +1
12498 93 +21
247687 53 -8
613997 89 +43
649158 37 -4
32461 22 -19
870461 29 -29
388028 49 +18
707557 95 -31
697698 44 +67
301040 29 -31
806404 82 -33
617648 60 +6
895152 35 +3
104340 16 +60
516128 30 -29
60050 86 +32
636430 36 +11
903178 39 -33
407972 90 +17
495368 93 +56
585796 45 +11
102830 83 +58
655341 70 +9
453827 62 -1
956043 18 +28
228024 82 +29
526310 26 +58
618997 78 +35
504235 27 +58
764525 15 +25
673169 59 -28
726313 1 +54
204347 95 -7
204917 79 +20
893530 91 +14
302648 52 +38
819081 94 -2
830858 13 -6
561887 56 -19
193513 13 +58
59480 70 -23
966190 56 +42
47642 34 -13
198988 39 +56
524567 85 +38
56857 7 -16
372261 38 +17
107206 18 +27
648519 84 +13
436874 74 +26
967638 84 +57
826608 58 +46
149315 30 +39
591101 19 +27
89439 89 -8
633075 58 +1
933682 59 +61
550271 18 +67
101840 64 +37
92623 74 +62
319848 63 -2
456683 93 +58
745792 16 +25
391522 75 +25
631492 52 +15
359232 38 -12
393741 31 +22
554099 82 -8
187517 3 -17
372232 97 +7
785405 81 +6
519219 71 -12
539863 80 -21
894978 37 +53
299905 84 +44
279208 58 +27
889745 12 +67
20128 37 +18
777561 6 -15
810564 45 +17
588712 35 -28
563292 56 +43
593615 69 +57
828994 6 -15
376883 83 -11
326718 94 -3
311575 94 -7
781487 44 +21
803075 14 -19
478180 63 +45
415776 20 +56
935711 95 -1
11018 36 +14
871138 54 +59
423944 29 +41
300926 11 +59
894019 37 -16
596964 91 +23
963859 5 -3
698572 34 +29
689686 74 +57
722605 6 +19
349251 4 +36
109486 96 -27
414640 21 +17
80968 64 -7
387678 82 +64
740866 37 +28
127956 19 +38
359212 33 +10
245197 22 +47
858271 73 +52
794428 41 +2
647284 99 +40
245831 48 +31
966951 74 -3
653715 23 +27
134048 83 -9
189436 5 -1
622955 99 +11
945487 79 +8
89160 63 +30
989684 49 +9
141724 73 -9
449123 36 +22
335822 66 +25
102748 77 +39
160270 2 -15
621704 34 +21
450908 29 +27
862807 21 +65
547085 35 -25
742699 77 +59
798899 53 -18
825172 60 +57
752507 17 -23
178225 40 -24
490001 10 +46
945054 15 +49
671339 27 +57
28068 24 +15
776788 33 -2
292123 76 +49
884851 91 +47
202255 32 +18
973814 95 +25
199182 4 +49
15721 83 +1
590182 16 +55
79297 5 -8
138723 52 +60
230298 35 -1
443182 16 -27
767058 96 -25
860000 98 +30
687484 55 +44
68978 88 -24
139933 22 +50
544267 61 +31
903683 86 -22
669087 31 +53
735991 15 +51
651477 21 -17
641893 29 -8
538840 91 -8
651137 19 +28
247644 29 +5
506583 11 -12
917956 26 +56
426816 38 +38
220854 23 -25
811784 58 +18
9098 27 -6
621270 52 +39
533150 29 -23
430640 89 +66
836611 78 +61
433891 100 +44
754553 88 -2
388778 58 +67
448567 18 +20
72642 69 +3
491299 96 +52
696777 67 -28
423429 29 +22
80309 79 +61
322198 73 +23
250775 1 +13
522326 84 +65
648413 83 -6
565422 35 +61
942440 22 +2
548160 58 +53
1355 63 +29
492973 17 +9
561853 63 +18
375483 18 +67
665155 16 +41
486507 65 +19
724791 92 +31
323173 38 +5
18860 72 -5
107281 57 +55
146591 71 +9
725353 12 +33
893070 62 -16
113084 13 +19
189301 39 -27
104668 90 +32
581033 5 +22
39876 42 +47
413413 70 +6
290637 57 +38
162845 50 +28
726815 15 +33
922327 84 +54
346040 36 +37
320153 94 -12
611791 10 +57
259632 65 +41
395736 96 +16
101878 34 -20
353199 56 +17
665156 69 +61
588157 34 +28
98824 72 +54
275359 41 +45
493246 62 +49
933991 51 -10
84101 76 +22
668365 25 +10
42660 90 -14
225845 39 +37
841552 84 +44
520020 44 +1
19305 82 +24
232476 12 +34
788968 93 -21
361730 69 -31
88132 75 -31
549208 17 -15
301184 88 +45
757473 58 +41
725063 34 -8
366798 19 +64
893142 27 +21
775475 94 +48
843486 6 +16
450031 60 -4
206899 63 +28
406425 81 -14
411642 11 -31
873481 84 -7
628790 9 +8
342724 58 +6
152494 11 -2
124221 91 -28
49614 39 +59
938271 68 -12
207830 81 +39
458744 100 +63
843025 55 +56
952387 33 +37
979970 74 -23
800031 64 +1
932588 95 +47
429650 52 +67
7340 43 +32
487331 16 +54
231350 87 -18
843882 35 -22
874134 23 +55
623288 44 +41
881520 55 +10
890245 40 -9
16260 19 +31
636354 70 -21
558706 34 -29
626800 20 +2
774316 88 +3
240854 51 +37
916488 38 -31
245563 11 +57
585206 5 +28
596912 30 +25
623404 93 -17
300822 6 -11
302444 62 +47
161529 48 +46
332701 83 +13
23788 52 +67
242590 54 +54
799427 95 +16
163037 8 -27
346093 65 -16
115922 81 -13
954167 55 +62
774124 34 +5
99485 13 -16
933932 10 -16
25166 9 +24
217070 96 +13
867423 96 +39
148570 2 +27
425677 72 +20
105341 44 -8
720173 90 +59
906528 79 +34
255813 97 +18
362125 14 +1
65187 71 +67
56795 16 +36
286142 40 +10
482438 99 +31
263591 3 +7
226514 29 -2
478258 72 -29
352347 39 +51
151226 41 +63
36422 27 +40
340635 26 +26
120357 46 +20
585473 40 +14
568112 4 +51
747662 43 -8
470217 75 +7
335345 31 +64
846268 14 +62
260758 61 -14
194651 33 +60
581877 91 +47
963954 96 +3
41599 42 -26
714938 77 +38
132541 2 +52
720084 93 -33
615610 41 +64
22940 36 +31
881305 7 +41
930165 52 -10
564350 31 +19
816340 66 -29
291987 26 -31
761080 48 +59
222408 32 +52
939562 32 -14
139054 28 -5
815495 44 -14
837582 69 -10
840188 44 +7
892439 95 +56
851321 99 +48
804487 53 -15
886464 96 +66
149011 80 -28
856143 99 +34
994426 79 +40
382854 98 +34
416749 73 +15
840517 13 +54
365160 1 +45
572554 33 +65
943004 52 +3
518108 50 +66
529155 7 +29
592335 26 -30
976785 98 -5
781764 16 +1
546561 15 +49
185186 1 +65
595098 30 -25
373350 80 -20
852635 15 -17
808586 66 +43
34987 27 -3
237893 30 -17
389570 10 +20
596367 96 -18
222834 77 -5
73848 27 -20
22301 87 +30
960630 1 +31
256509 17 +65
230776 45 +50
253541 27 -13
506519 95 +33
329500 47 +2
716909 63 +21
84304 43 +54
848433 8 +2
849811 70 +2
453597 85 -18
748697 83 -9
194466 17 +19
825362 38 +11
654188 3 +29
305982 89 +28
273880 42 -13
823294 29 -9
17136 63 -25
556943 97 +38
554164 12 +34
898501 88 -18
926235 91 -1
445951 34 +61
525340 95 +48
402294 55 -20
466383 76 +12
830324 52 +6
716952 12 +41
716466 82 +36
334814 100 +51
48978 15 +3
115465 47 +37
314108 92 +40
865741 24 -22
309588 37 +25
458794 82 +7
546621 72 -19
657372 97 -15
188535 65 +51
473568 1 +65
966068 36 +42
447434 58 +58
112133 30 +17
785524 93 +58
638148 50 -4
492336 41 -11
621969 56 +11
850340 26 +34
710937 61 +21
277053 58 -13
619205 84 +55
119541 27 -12
736998 28 -28
433879 70 -5
219171 99 -6
11521 22 +31
793661 17 +51
912268 83 -10
84293 36 -22
542554 9 +31
621863 96 +36
371199 69 +28
422377 74 -24
89504 55 +55
754674 82 +25
243824 97 -4
983045 81 +10
68013 56 -24
639748 67 +22
403135 82 +27
831743 2 +41
891639 14 +39
62959 23 +67
941485 62 +23
829091 72 +48
363924 1 -30
38321 43 -33
506953 5 -21
103808 59 +27
572526 18 +62
190159 91 +4
59561 15 -7
332974 66 +5
263749 21 -12
769410 1 +31
101833 5 +54
239834 57 +26
526128 69 -23
356632 29 +37
848342 75 +14
27459 11 -28
64902 90 +33
331868 27 +58
250733 100 +6
943706 63 -33
165458 49 -1
643462 8 -16
426170 70 +65
32539 40 -5
135019 86 +38
620393 43 +48
836755 8 +1
675744 51 -33
233022 89 +53
933721 41 +58
639635 26 +15
681984 95 +29
648143 92 -3
45064 21 -13
976555 43 +6
531493 23 -3
900035 9 +53
658095 9 +48
138645 46 -31
121785 88 -11
376926 36 +25
38603 49 +60
830297 31 +54
310841 52 +17
320513 90 +24
707655 73 +16
532429 58 +50
376089 38 +44
537798 40 -13
333695 15 -28
674783 24 +50
242870 16 +4
681418 54 +52
449300 55 -9
546351 11 +4
140293 59 +10
335165 42 -10
967722 70 -22
746411 91 +28
387903 48 +23
825917 82 +57
216440 18 +26
757807 2 +43
614512 79 +42
315266 67 +45
352977 62 +37
259135 37 +1
450128 100 -27
67698 61 -17
766840 68 +38
152987 9 +54
635768 67 +45
770137 94 +3
870038 20 +14
795368 97 -21
833935 18 +8
726096 51 +42
520632 9 -31
593631 26 +19
999243 48 +58
71162 35 +44
484170 64 +63
481136 52 -2
776181 98 -13
785901 62 +56
572997 2 +42
794115 29 +37
784417 83 +20
511626 34 +50
238503 24 +45
352950 52 +58
197236 47 +28
987800 30 +15
31503 50 -5
393800 90 -5
939014 64 +44
503767 85 +58
347195 37 +27
435777 72 +52
837210 1 +6
834685 91 +7
64836 51 +43
679782 51 -7
482363 79 -5
826265 59 +47
506854 35 +12
390770 78 -22
204106 37 +25
951143 73 +2
774566 11 +63
157266 50 -1
203108 77 +35
363559 3 -32
185161 83 +31
895039 15 -6
311797 59 +1
8431 70 +22
295408 28 +27
473496 14 -32
537968 61 -15
760030 93 +3
492632 13 +11
933008 14 +21
101663 29 -20
30097 57 +19
112111 42 +67
803070 96 +49
123091 55 +57
419370 9 +4
127683 27 -29
634296 15 +1
741188 58 +32
62252 11 -9
244565 24 +6
803194 27 +2
564402 26 +13
551395 7 +34
638590 48 +24
62796 85 -7
258804 41 +28
33883 74 +23
61649 91 +63
512506 67 +14
299068 5 +31
573791 91 -25
780769 36 +29
199094 2 +23
386252 11 +12
637652 89 +59
910436 49 +15
775276 57 +49
992201 52 -4
53843 50 +2
409561 65 -32
644665 73 +11
821956 34 -22
53543 41 +24
142497 37 +27
728259 29 -23
713847 76 +65
743295 57 -9
967251 86 -8
643254 72 -14
833556 25 +48
782720 68 +64
326645 31 -30
29730 87 +14
443371 46 +62
238859 9 +20
446287 6 +66
873514 31 +12
554422 8 +15
550659 79 -33
374730 59 -26
842054 8 +47
42773 11 +43
241303 9 -29
669441 3 -7
197087 7 +53
10947 5 -10
988752 2 +5
454834 49 -23
401393 1 +37
882272 9 +18
823382 88 +24
869389 63 -5
874952 19 +51
377260 46 -10
551515 83 +29
125973 58 -26
298130 95 -22
327631 58 +12
698079 27 +5
569079 29 +28
774187 85 +9
