6000 1000
128826 26 +50
959640 9 +1
296359 14 +12
615056 26 -23
154590 5 +51
361247 6 -21
624894 21 +10
499951 10 -13
53429 30 +18
660057 13 +5
678242 15 -19
183459 10 +22
900659 25 +32
499282 27 -14
209119 20 +28
524764 4 -27
951319 16 +67
459971 8 -32
452112 29 -4
810013 8 +54
357056 14 +47
478980 18 +57
567090 4 +15
514996 15 +48
874212 5 +67
770712 24 -19
535327 13 +52
946633 7 -26
251762 6 -15
503442 4 -2
992211 15 +54
846895 26 -16
543484 23 +26
378338 26 +21
999214 15 -16
527999 1 +48
358642 5 -27
116036 24 +6
300132 23 +20
480710 6 +13
317825 24 +24
6072 1 -31
728907 22 +53
386990 5 +42
28657 22 +56
313971 2 +6
833103 9 +47
21019 19 +34
854043 3 +18
784285 19 +27
654462 27 +3
788925 19 -27
699357 26 -20
952848 23 +22
580745 23 -23
457258 1 -1
869452 2 +54
836300 30 -29
853490 10 +14
172785 21 +50
781273 7 +11
703869 3 -14
303819 28 +44
608254 14 +43
28216 16 -14
79270 10 +45
256710 26 +48
468233 1 -2
313523 17 -13
125414 30 +24
868265 5 -5
376251 5 +16
171795 13 -15
983805 28 +40
199268 10 +7
363194 9 -24
822255 19 +38
376851 10 +23
564351 22 -4
755149 29 +10
217178 9 -27
153955 20 -25
321699 18 -30
452471 22 -26
15470 24 -7
591441 15 +39
121289 17 -7
990817 2 +44
69028 13 +46
693060 16 -7
68400 14 -29
459968 23 +26
120689 28 -25
321677 5 -3
220240 3 +19
328243 25 +60
241307 3 +48
732494 9 +17
786387 27 -5
716510 13 +55
164627 19 +6
482650 19 +26
563182 9 +14
610721 9 +42
60015 23 -19
175740 15 +24
804736 15 -18
769258 26 +28
962508 5 +14
432484 24 +23
967038 23 +1
783349 1 +51
35369 7 -17
561150 22 +5
813160 28 -30
323222 4 +10
682776 1 +45
529463 21 +54
854098 28 +61
242062 25 -5
419118 29 +34
420960 14 +34
740260 10 +54
14058 7 +3
564031 23 +63
610418 7 -17
997814 15 +60
967524 1 -27
768395 27 -30
703164 5 -16
488340 23 +2
288550 9 +61
586443 26 -29
977905 13 -20
557303 18 +12
901005 17 +29
701102 9 -7
762328 15 +18
853940 30 +64
938446 7 -22
964681 13 -31
416033 18 +20
592204 22 +14
528561 8 +18
786253 12 +21
178441 15 +25
61049 22 -23
84149 24 +5
293555 12 +45
543364 5 +42
108343 27 +22
891255 9 +7
345765 16 +10
695778 18 -31
471705 1 +22
237576 1 +14
120161 1 +62
633624 1 +10
745489 30 +64
224150 24 -21
321826 19 +22
494152 28 +28
62383 30 -9
612960 4 -31
123787 8 -27
152168 7 +2
631810 1 +14
231110 6 +37
261452 4 +25
544071 26 +26
533765 10 +51
711565 13 +54
493504 7 +36
955433 21 -6
174968 18 +34
389305 22 +1
842293 18 +62
562276 19 +23
633401 18 -26
865574 18 +45
802160 23 +61
67851 29 +25
553903 8 +28
122432 17 +12
952862 23 -22
516899 18 +36
84822 2 +28
776791 20 +55
742781 27 +55
728280 14 -20
957437 20 -9
268429 17 +42
671760 18 -4
713459 12 +28
6485 26 +41
707330 14 -9
968159 26 +13
420783 4 +56
812662 3 +36
405248 6 -33
258963 22 +4
907572 9 -16
62639 8 +44
734018 10 +2
877141 13 +38
183328 27 +19
41883 5 -23
295099 23 +60
537954 23 +21
403848 15 +20
758356 2 -19
919987 11 +6
472945 19 -5
487484 3 +13
86035 15 +5
705108 27 +33
410656 17 +15
771150 1 +65
596084 14 -31
628239 6 +18
595893 12 -28
972836 22 +59
27496 30 +56
947984 7 -10
447758 17 +26
533303 2 +33
944651 11 -13
133609 19 -11
520959 11 +25
919362 21 +63
766769 8 +8
322142 2 +43
493054 10 -10
374845 23 +26
701534 21 -17
350260 8 +38
504351 11 +40
722041 25 +48
814781 12 +6
804172 10 +67
126764 10 -14
24562 27 -21
450255 20 -16
844084 29 +30
242588 17 +63
215451 7 +22
984130 9 +24
442930 9 +64
912056 29 -4
954888 8 -33
748719 9 -18
856738 21 -5
800836 29 +50
575806 23 -16
678686 10 +25
40882 14 -26
228400 20 +4
185890 8 -15
530608 27 +41
816216 19 -21
962075 27 -3
251305 27 -14
6047 30 +23
235707 19 -21
315129 26 +65
462198 3 -3
27173 2 -4
514404 2 -15
162284 27 +45
785592 30 +12
704853 2 +38
46829 14 -7
868785 1 +40
620976 5 +47
147485 2 +27
207250 14 -24
532075 3 +49
589736 13 +5
855867 22 -13
758875 6 -22
220944 8 -18
539848 14 +11
572323 28 +48
119205 27 -26
756299 9 +59
162290 28 +61
410763 21 +35
730117 8 +22
306241 10 +40
669742 24 +14
669539 29 +10
267706 23 +57
748251 15 +31
600868 12 +35
577617 26 +33
993625 29 -27
827442 16 -13
622592 10 +56
409832 12 -5
835091 18 +37
200314 12 +27
210353 3 -17
428387 26 +34
723201 5 +53
748474 20 -32
135339 18 +45
607397 28 -15
213074 6 +30
542105 16 +61
966708 27 +3
729406 6 +17
116549 4 +21
635282 20 +7
374277 28 +59
969092 1 +32
176023 9 +23
157361 17 +19
356570 1 +45
987416 14 +49
905193 20 +57
746940 11 +14
214897 24 +62
576771 5 +43
97162 6 -29
376939 22 +63
510070 27 +37
490178 11 -4
661056 18 +67
645297 19 +34
369082 10 +26
667503 16 +17
257225 3 +14
832248 18 -17
853662 12 +45
561019 19 -17
186441 29 +5
381617 20 +34
270297 29 -12
581906 7 +37
342197 8 +19
517876 27 -28
871054 3 -3
1926 29 -4
545773 19 +11
909577 7 +29
62427 24 -32
663995 10 +38
420697 3 -15
656397 13 -9
874864 6 -13
497641 23 +15
788019 23 -33
444544 5 -8
43984 18 +18
683502 29 +46
256388 23 -29
789063 3 +19
255352 23 +15
865367 27 +11
748051 9 +26
788838 9 +18
655230 19 +37
120805 27 -21
17809 19 +15
716256 29 +17
777164 15 +4
419678 6 +19
992710 5 +22
315613 11 -13
970291 29 +38
298942 22 -26
819440 1 +57
919190 5 +61
600118 2 +21
924348 3 -25
801456 22 -10
326573 13 -32
647340 7 +30
184455 30 -7
627017 10 +37
817185 20 -23
801656 21 -32
368448 14 +10
962104 9 -21
626608 17 -22
561812 12 -14
507753 25 +59
286197 28 -3
636144 26 +4
455663 25 +20
492804 17 +57
536405 18 +64
241695 23 +64
245830 27 +67
566618 18 +26
436666 17 -11
633138 8 +42
92062 19 +39
322501 7 +34
640067 30 +48
531401 9 +3
811798 25 +8
817047 11 +54
982691 23 -17
908847 23 +53
36215 15 +19
198953 12 +8
690931 25 +21
192191 1 +22
887187 13 +40
919288 18 +40
589326 20 -12
731661 17 -13
747443 13 -23
82425 30 -24
912270 11 +43
766084 11 -6
184325 25 -24
453189 11 +67
725171 3 +6
455933 17 -8
170983 19 +19
890372 1 +31
372148 23 +25
378492 22 +2
476022 7 -30
617754 17 +6
436827 6 +31
541653 8 -30
254733 6 -7
248837 21 +26
539013 24 +60
969763 9 +32
358133 9 +31
203166 23 -26
930059 28 -5
575028 16 +1
337024 21 +27
423329 7 -22
542486 3 +63
98033 13 -2
492906 26 +64
316429 30 +26
849320 25 +11
322668 2 +28
851602 12 +38
832039 6 +65
546414 7 -13
211757 19 -32
764903 26 +6
447375 10 -10
231457 16 -5
288132 16 -25
24123 11 +47
811578 1 +14
61691 14 +15
734133 11 +5
963008 24 +19
701494 27 -26
491244 27 -24
586990 30 +3
753919 18 +59
47396 29 -10
920831 18 +65
281414 17 +42
815956 16 +33
970869 14 +17
321180 17 +24
236615 16 -32
624151 17 +65
58977 22 +6
639127 13 -25
373856 8 -30
579594 6 +53
622012 22 +66
340128 29 -27
585543 8 +42
706648 24 +21
733504 8 +35
394219 7 +37
453695 25 +14
359306 3 -9
858861 8 +47
724138 25 -8
11965 6 +4
17567 2 -18
318985 26 -24
650353 22 +25
491028 11 +28
58857 21 -2
845083 9 -8
953047 13 +51
169371 12 +11
541450 27 -1
506467 15 +65
829482 22 +31
359155 12 +67
550002 11 +19
723203 13 -2
148076 4 +55
416066 22 +38
135206 27 +36
911918 10 +59
152761 14 +60
437330 1 +26
387634 6 +59
892858 28 +65
22191 29 +67
482281 2 +21
39335 30 -5
571221 12 +13
47984 2 +18
828930 3 -14
289271 28 +48
153144 18 -24
948867 10 +62
694004 9 -30
707541 28 +61
156182 12 -8
530953 22 -21
407064 28 -1
113245 20 -18
635247 20 +12
658791 22 -19
725328 1 -24
857676 7 +43
401667 11 -2
716455 6 +39
352043 4 -29
64336 16 +25
485057 8 +40
62976 15 -16
416946 19 +31
491587 5 +21
923308 24 +49
665790 2 -25
623018 3 +42
687850 16 -5
882476 3 -11
238231 2 +25
761746 4 +34
540593 21 +9
655459 16 +6
386217 30 -9
571193 13 +51
847178 13 +40
163039 17 +10
245483 17 +59
802051 20 -15
988923 19 +16
369756 15 +13
318909 19 +57
465980 27 +15
962565 14 -18
467456 7 -26
705980 22 +53
535812 26 +43
874970 7 -23
923557 8 -21
66318 8 +54
851236 24 +9
796073 23 +17
447451 21 +48
255019 26 +65
194012 6 -29
220441 21 +52
94 18 +15
155989 8 -16
375975 12 +41
91584 18 +58
508342 19 +45
714202 29 -3
678004 11 -23
933023 7 +27
643386 4 +32
380178 16 -33
380271 3 +15
536259 3 +32
428586 14 +5
520169 2 +47
544862 20 -24
965558 30 -23
818447 13 +34
827879 2 +56
555367 8 -8
682670 8 -30
738725 6 -8
415508 20 +52
199532 20 +37
830305 21 +57
101666 22 +19
177208 13 -25
23079 29 -27
587761 29 +53
331355 6 +19
148712 21 -12
673370 27 +13
591027 23 -29
913296 2 +3
157107 21 +8
356650 4 +25
913701 3 -17
58815 21 +63
953643 26 -26
80263 30 -20
82061 21 +45
822861 28 +14
715639 25 -9
780301 20 +39
445432 12 +46
263905 2 +47
264228 8 +47
928312 15 +62
74603 5 +56
47330 30 -30
885509 17 +31
788161 25 +43
494011 29 -19
418565 11 -19
761354 11 +66
385388 20 +22
875979 29 +1
443038 5 +13
109645 14 +67
463559 29 -5
868838 12 +57
990547 19 +17
985701 3 +27
961680 30 -10
348130 18 -4
818510 24 -17
245821 7 +14
511059 14 +51
222096 13 -6
816221 14 +5
890049 23 -6
41992 14 +41
94910 24 -8
764443 29 -29
863594 20 +53
321443 8 +14
918246 24 +34
434582 30 +45
315116 9 +40
150800 19 +60
472613 6 +8
682415 1 -2
601071 6 +60
173534 13 +54
367424 8 +47
944096 25 -12
772583 13 -15
761569 10 +20
354090 12 -14
659790 16 -15
142228 6 +51
702945 29 +17
816135 14 -14
500203 30 -29
200475 10 -5
297784 13 -10
610640 4 +25
384863 26 -8
164214 25 +34
654438 5 +24
671753 18 +51
622561 18 +48
548851 17 +34
545534 2 +36
893404 22 +62
972405 7 +46
103979 16 -16
206372 14 +47
746869 20 +61
40585 6 +50
238320 12 +2
845389 12 +62
544208 20 +65
419495 29 -3
193838 25 +53
234661 3 +57
486059 1 -13
720614 22 +59
216247 17 -21
327047 19 +64
229154 6 +35
548445 12 +24
20568 29 +31
978010 10 -24
404620 27 +66
17224 9 +26
113607 19 -17
820759 22 +50
523542 14 -5
869819 11 -7
546729 8 +48
709674 16 +44
497566 30 +64
459254 11 -28
656625 30 -9
499434 8 +15
443732 27 -28
109850 19 +31
220511 19 +25
38937 26 +43
89359 6 -30
126448 22 -4
995594 18 +62
757355 5 +67
831225 19 +44
443746 9 -24
313226 14 +60
925722 20 +9
34552 17 -30
339610 14 +59
684295 29 +17
814112 30 +65
761154 14 +58
95043 16 +64
793790 14 +40
229308 5 -15
967878 27 +11
606754 30 -17
966693 13 +35
603941 5 -5
388316 6 -10
866546 3 +2
748306 25 +7
47511 11 +2
223416 16 -10
481701 24 +50
289095 27 +28
122033 13 -20
574012 22 +25
381895 20 +17
617321 25 -17
853296 12 +29
732621 23 +34
250887 17 +45
165450 12 +12
823885 27 +13
669938 17 +59
533186 2 -9
339350 1 +55
122981 22 +49
256392 18 +21
907527 9 -32
406848 18 +41
548212 5 +27
910311 21 -25
286932 28 +12
940088 30 +1
837656 6 -15
586389 23 +35
152979 27 +67
174070 12 +59
554329 15 +37
127598 8 +36
674885 30 +47
243701 30 +57
57461 25 +41
114219 28 -21
219420 7 -13
495097 16 -25
515261 18 +7
661807 9 +28
101111 20 +57
170115 18 +6
117793 9 +42
711382 19 +42
116331 4 +54
672877 6 +24
534605 18 -6
267403 27 +43
210620 8 +4
487237 28 +62
353645 7 -29
750074 27 -14
599723 1 +31
934452 7 +64
180922 6 +46
626065 2 +23
242672 2 -22
868400 17 -20
605988 25 -1
608415 30 -12
566102 26 +33
549731 7 +59
686897 10 +33
168838 18 -17
755604 17 +57
21009 14 -28
595623 7 +45
215216 2 -5
374884 14 -18
589889 7 -4
554740 13 +50
854195 26 -21
174722 3 -24
150463 22 +14
492801 1 -32
350769 27 +30
397244 6 +4
166830 24 -30
443281 9 +54
437216 20 -7
635873 2 +33
909247 15 +28
523764 16 +49
79146 14 +11
26197 15 +63
62190 9 +31
296836 27 +26
5511 10 +55
572966 27 +35
572484 3 +51
161535 29 -26
873516 1 +21
774510 24 -17
67765 9 +29
438470 5 -23
609525 10 +67
667345 9 +2
691202 6 +64
412661 26 +29
722959 21 +64
695632 28 -3
918122 21 +65
244624 9 +27
333507 2 +43
851585 22 +13
808011 1 +37
37201 17 +33
969101 15 +34
737836 18 -6
335743 4 +5
167333 6 +36
384830 4 +9
413832 3 +32
261750 10 +38
524082 25 -26
227023 16 -16
949116 22 -16
987194 8 -16
346769 7 -28
117156 15 +15
387192 25 -1
802057 29 +29
267972 3 +13
559446 16 +62
260596 23 -6
809890 20 -31
333206 10 -16
497887 29 -23
511486 16 -3
786665 26 +54
46381 18 +45
986265 11 +53
557143 26 -24
3638 3 +22
142903 10 -32
859227 2 +59
444268 1 +16
935227 24 +54
333908 24 +39
861793 12 +55
887330 21 +35
545147 27 -1
252778 8 -7
940405 12 +31
353427 26 -16
48629 29 +11
253032 7 -22
432105 3 +57
56688 16 +64
506253 16 +9
381605 23 +38
586285 25 -16
438703 4 +14
206830 7 +18
966464 27 -4
978199 10 +25
568277 21 +56
586255 1 +60
530019 29 -2
427406 10 +52
65081 13 +8
489424 10 +44
203050 18 -2
763103 10 +28
689572 19 +43
125358 16 +41
446039 17 -32
579532 21 +23
977414 23 +41
973592 29 +47
462564 21 +27
815306 27 +50
93317 28 +52
549374 1 +54
156585 16 -24
235674 2 -15
867971 23 +25
306509 19 +56
467040 4 -32
438954 25 +12
212152 15 +27
717294 9 +32
507960 3 -1
571910 22 +25
599620 3 +10
590257 12 -18
5668 11 +5
446833 29 +14
983653 12 +53
146146 18 +58
878071 28 +9
244507 14 +54
734877 17 +13
35880 6 -27
459673 8 +45
179475 25 +54
353348 13 +21
910978 1 +5
948248 26 +57
442571 26 +55
367539 29 -24
218418 25 -18
810513 2 +59
237141 11 -11
564027 28 +14
464106 16 -12
656701 30 +36
42485 29 +66
411615 19 +13
747482 8 -17
489039 7 -27
364789 14 +43
92025 7 +55
695058 20 -5
745798 18 +22
876568 29 -22
677623 10 -22
670984 8 +15
303483 5 -20
75123 21 +62
648402 19 +52
385038 4 +40
78593 12 +64
431239 12 +22
511560 18 +19
779228 29 +38
930068 3 +61
317429 10 -5
335936 6 -23
482893 30 +52
168165 17 +53
275644 9 +42
56449 16 +34
804742 22 +25
757663 15 +36
511942 16 +63
498981 1 -18
408183 29 +11
798384 2 -2
81199 18 -10
520461 4 +7
605207 8 +50
700225 7 -2
413892 14 -9
441265 24 +55
11790 12 -5
34737 27 +28
671377 2 +10
625397 5 +46
200280 10 +44
471148 30 +4
602753 22 +62
980132 5 -14
681878 20 +30
171933 9 -6
961857 19 +36
347228 20 -29
774466 4 -1
44647 4 +48
526412 11 +28
702651 29 +27
741530 24 -22
435044 25 +62
839640 9 -9
760061 28 +24
953969 6 +32
966010 10 +11
262459 2 +28
800554 25 +27
862328 27 -11
45330 26 -9
870020 9 +22
941605 13 +17
476661 7 +8
889080 26 -32
136477 2 +37
230643 8 -3
722664 8 +8
283918 19 +62
56152 1 +41
755998 16 -31
854603 2 +41
987423 11 +46
618237 1 +6
428924 22 -16
140471 14 +14
714734 16 +8
498941 27 -30
300261 3 -13
163339 16 -10
130940 30 -13
938417 13 +42
810948 11 +64
699928 2 +53
477700 1 +28
387974 7 -3
901069 17 -18
982994 3 +24
928912 25 +36
23024 19 +26
644009 9 +17
869900 6 +33
54365 24 -21
622655 9 +59
600488 19 +11
844239 11 -17
6735 17 +4
351324 5 +49
84316 13 +61
5980 21 -17
172468 23 +45
856129 18 +44
911564 1 +8
358899 2 +15
783668 15 +2
647496 23 -9
123559 1 +27
893885 3 +2
490119 8 +17
728873 4 +48
773485 13 -33
271247 12 +48
160575 4 +63
768767 23 +61
279398 18 +28
719225 2 -25
476219 13 +34
451450 7 -31
660614 8 +40
516271 11 +12
557796 11 -5
945551 1 -6
33082 8 +21
391105 11 -14
158628 4 +36
936137 4 +12
567870 22 +31
576915 14 +32
314593 6 -4
865221 2 +19
267481 22 +66
210193 29 +16
549485 2 -4
713272 23 +54
576804 12 +33
407397 26 +21
885250 21 +42
650273 5 +56
563646 24 +49
664543 17 +21
165484 26 +53
872658 24 +45
24606 16 +29
330960 4 +52
44132 19 +55
476225 24 +4
830111 28 +5
614711 7 -23
797828 10 -26
40073 15 -31
374070 10 +5
873965 19 +62
485308 12 +20
757533 26 -22
598096 25 +62
681976 21 -14
945309 9 -4
988669 1 +59
356265 18 -15
911746 20 +59
3980 8 -21
933151 2 +44
393099 16 +51
449660 7 +36
816105 4 -18
101941 3 +11
681862 14 -30
473820 27 +39
644440 26 +55
273719 9 -1
509849 1 +31
67368 19 -20
302581 4 +31
756447 2 -11
276275 30 +46
906198 23 -14
122440 18 -1
787815 30 +19
682 17 +10
75219 12 -21
51499 5 -21
303591 21 +47
705459 16 -21
775114 19 -23
237386 29 +52
755777 20 +50
495911 12 +41
919448 5 +8
15057 29 +41
655354 12 +59
784787 24 +9
890983 6 -2
423445 18 +9
775271 8 +22
912471 4 +59
651149 26 -14
609599 22 -4
469680 4 +45
737917 7 +53
542395 18 +58
673186 21 +44
156490 24 +27
92377 7 -30
750724 3 +41
437033 15 +11
911226 24 +12
595854 16 +62
129707 15 -8
300600 20 +9
625566 11 +4
696175 19 -12
563925 20 +30
565110 4 +6
888836 29 -20
826568 25 +13
132044 11 -10
44688 15 -5
609465 10 +2
713119 2 +53
887058 18 -31
819340 1 +44
778399 14 +20
687920 22 +29
422293 6 +16
305844 23 -18
734690 18 +27
359980 16 +66
824016 22 +30
80125 17 -1
898928 29 +57
306467 7 +49
975928 1 -2
580151 4 +18
727864 22 +63
169791 20 +58
859316 19 +47
707663 19 -23
343391 21 -8
379852 23 -32
633999 14 +49
764099 27 +15
466328 28 +42
304608 21 +44
360402 16 +60
38895 26 +50
650304 7 +17
843024 29 -21
661742 16 -31
232274 29 -28
267738 10 -30
655192 28 +22
246678 14 +49
336948 21 +8
97568 23 +61
983535 17 +8
300692 27 +11
783728 1 +35
825326 15 +28
765853 30 +2
169081 26 +39
450291 22 -19
432300 25 +12
574683 5 +59
973943 11 -23
390647 11 +12
994586 16 +3
645074 23 -19
49774 26 +59
68428 30 +11
597239 11 -10
753854 28 +33
851427 2 +32
323581 13 +15
991276 13 +9
763968 9 +8
647848 4 -8
325923 10 +66
641218 11 -10
255473 6 -31
917314 9 +8
378126 7 +14
809453 11 +40
974324 28 +21
726038 2 +48
162162 22 +15
266230 7 +14
855285 27 -13
713054 30 +57
697566 22 -20
58321 2 -7
480752 10 -29
415148 23 +24
293808 18 -1
207768 30 +37
130969 17 -2
970410 25 +28
237028 25 +65
59544 25 +18
4083 18 +36
655424 27 +56
127157 1 +59
173137 27 +6
161141 9 +66
898398 11 +33
925239 22 +1
972927 4 +62
205661 21 -12
982067 14 +32
427011 22 +66
345021 12 -12
653409 24 -4
213949 2 +33
868797 10 +25
592278 7 -27
110428 2 +12
101761 16 +38
316154 9 -3
125245 15 +17
274790 3 -22
429651 16 -2
197204 26 +7
25497 3 +7
362381 23 +4
501662 19 -20
651109 14 +60
974392 6 +20
409218 29 -28
741668 8 -32
514935 19 +58
216747 13 +60
51585 14 +64
630252 24 +12
642236 30 -9
248678 25 +54
864327 27 +14
930772 19 +57
904587 4 +26
24137 18 -7
238784 28 +28
524595 3 +26
710237 29 +10
965470 23 +13
504243 10 +49
711704 28 +26
663778 16 +4
503596 5 -26
300214 4 +14
402490 20 +50
935667 22 -15
690886 20 -21
614150 15 -33
869958 30 +37
32863 1 +32
948892 2 -14
152411 28 +17
778176 18 +12
316930 6 -23
694243 20 +67
168134 8 -16
737185 2 +22
650847 22 -29
444351 14 -20
780652 8 +43
785635 17 -15
707976 6 -5
444705 23 -30
410242 3 +53
541877 2 -6
380099 21 -20
130986 27 +65
868190 1 +63
269241 7 +13
332314 14 +65
78003 3 -2
701660 13 +26
416117 9 +30
208619 24 -29
895731 23 -1
396294 26 +50
162326 16 +36
401065 11 +25
210307 27 +17
976363 16 -18
248447 9 -16
491801 7 +44
342483 21 +13
95021 17 -18
66344 22 +66
467047 24 +11
465262 2 -12
830879 1 +53
182040 13 +59
995798 28 +22
536453 15 -33
622343 14 -33
445091 21 +2
449401 6 +23
561868 24 +18
840719 30 +64
666052 21 -23
685206 16 +56
766368 7 +47
178780 23 +44
287459 25 -5
137704 7 -11
980229 12 -21
714799 17 -20
582736 29 +48
479772 6 +66
318551 8 -32
777751 28 -27
774788 18 -7
3616 24 -28
440599 25 -17
850533 27 -14
725220 30 +67
923493 23 +17
24021 15 +52
609499 5 +23
663326 16 +25
650763 5 -26
435393 1 +14
166550 8 +30
872735 24 +28
574049 25 +12
925538 24 -18
855939 3 -26
814653 20 -6
363547 15 -7
376043 25 +19
485488 24 +34
926144 21 +26
431674 13 +27
729914 15 +61
75617 29 +62
639192 17 -2
917217 4 +37
624492 14 +41
343751 22 -14
71117 25 -20
125141 1 -33
799925 21 +64
870255 20 -12
856099 6 +2
681703 10 +19
230303 13 +62
227119 14 -23
111995 27 +21
392598 28 -30
194779 21 -13
181863 13 -21
520966 9 +4
131126 23 +10
211598 17 +8
118763 30 +62
459374 26 +65
158968 29 +35
557131 2 +29
501219 26 -23
838426 8 +8
977498 10 -30
887570 27 -13
527491 9 +65
328933 22 +14
538161 26 +28
714441 5 +1
46018 13 -33
417406 6 +50
969448 7 -33
562245 27 +45
750562 2 +42
175891 14 +12
154509 2 +54
556670 20 -15
238471 1 +46
397966 26 +38
781811 27 +56
617123 21 +13
48600 22 +60
952488 1 +56
39917 26 +17
492748 2 +60
381004 28 +20
319457 28 -12
36056 26 +59
165916 29 +25
684762 9 +35
751560 24 +9
923440 9 +60
217973 17 +48
989936 19 +64
184121 23 +63
720802 25 +66
643821 27 +22
765758 18 +30
624773 17 +45
484363 6 +58
357841 19 -32
695317 2 +61
949885 12 +33
716493 8 -33
745703 5 +40
213405 4 -8
790460 10 +13
549888 22 -31
697455 2 -6
180184 4 +9
747179 26 +50
48268 19 +18
132049 26 +2
467362 19 +46
577771 21 +49
472375 27 +5
48530 24 +64
109340 19 +3
723563 6 +58
57116 27 -8
794760 1 -30
204405 11 -11
725843 27 +38
93398 28 +51
297006 9 +21
37139 6 -5
34597 15 -24
933200 30 +16
15058 2 +31
421295 7 +46
636274 13 +57
17834 15 +61
293997 8 +55
414645 1 +5
96272 25 +62
84580 15 -1
625678 4 -5
510024 25 +48
287505 8 +57
655577 28 +52
827125 8 +25
32977 23 +10
354104 11 +58
406201 18 +3
172981 2 -27
748567 7 +6
88981 27 +35
275457 19 +58
900981 9 +62
721820 15 -11
795089 4 +15
399196 28 +43
287601 9 +46
669793 24 -3
639170 2 +31
41793 20 -4
914801 7 -23
292790 29 +34
108958 4 +66
894716 28 -16
104062 27 -28
340565 13 +21
654763 13 -28
340651 6 +65
329226 29 -15
200407 8 +30
71479 10 +31
568117 8 +20
200346 26 +29
772021 25 +45
938718 3 +58
43915 18 +23
636939 3 -16
71893 12 -14
754978 10 +64
375526 4 -31
198456 17 -1
796395 21 +17
477505 13 +62
110060 22 -19
964937 2 +51
320871 9 +65
577058 18 +55
53802 29 +48
420895 5 +25
801154 30 +3
785427 2 +58
288516 3 +4
603208 17 +8
838462 23 +20
405345 27 +56
407919 16 -23
186747 4 -14
429297 16 -13
959865 13 +34
624030 30 -14
138549 22 +65
91252 29 +32
533905 19 +40
183203 3 +53
294816 13 -3
840164 13 +16
863161 12 +14
746 4 +10
324811 30 -26
106686 1 +4
721895 11 +4
885247 15 +7
909487 19 +11
755767 5 +66
50500 7 -20
274972 5 -5
266407 21 +56
85508 6 +2
335134 3 +12
403473 1 +49
640736 29 +44
315996 28 +42
750472 24 +28
31021 24 -7
28807 7 -8
632823 27 +17
767339 17 +23
619101 3 -19
617406 30 +15
238470 11 +40
106322 7 -26
359510 1 +22
121990 13 -8
927665 10 +65
959738 15 +23
29376 4 -4
493094 11 +35
697700 26 -13
160293 13 -8
722034 17 +15
456904 24 +36
119503 20 -3
595075 28 -14
793108 5 +3
469367 23 +40
190703 12 +67
232089 22 +60
859929 12 +59
192436 9 +3
532039 16 +36
831265 17 +40
730851 17 -7
63142 28 -33
62259 13 -26
791926 25 -8
280948 24 -5
194851 6 -17
784622 9 +64
185713 15 -1
531882 5 -11
577949 29 +6
913885 25 +8
931903 16 +50
237640 5 +60
275112 11 -16
520408 9 -17
2903 17 +35
215690 15 +8
856469 7 +21
118235 11 +54
206669 30 +54
95028 2 -10
419164 24 -8
741449 17 +33
887694 6 +44
327264 15 +52
767214 2 +6
923280 2 -5
204446 27 +64
770445 25 -3
669665 4 +18
766076 17 -4
790528 4 +61
322513 9 +61
424291 28 +54
887787 24 -32
26651 12 -19
35734 20 +13
699657 26 +11
720486 28 +55
146452 1 +19
555505 2 +47
894233 5 +26
578187 1 +38
845005 17 +29
2504 11 +67
538387 27 -32
971909 15 +54
35110 18 +62
68108 5 +47
705487 8 +51
153917 19 +7
541129 17 +40
286285 18 +26
130835 21 -19
478824 2 +38
173866 5 +24
466822 23 -17
830028 27 -7
951577 29 +53
601913 22 +39
450701 23 +8
813071 5 -13
446848 15 -29
707247 2 +59
502207 22 +34
268570 30 -2
516634 17 -29
314836 15 -1
879184 20 -25
413812 13 -12
97875 3 +41
486878 13 +11
991404 18 +10
673289 1 +56
926592 17 +62
721113 30 -18
627942 14 +16
135340 28 +3
278416 7 -14
125277 20 +50
381410 15 +25
717082 18 +54
706127 23 +57
118476 1 +45
601316 18 +36
666174 13 -1
970563 14 -7
14008 19 -16
110186 10 +1
727024 15 +29
950083 2 +38
262767 30 -29
478146 29 -3
43068 29 -28
664779 29 +40
878188 22 +13
919160 20 +27
853385 17 +34
479346 20 +19
676225 2 +42
890539 4 +24
220162 30 +42
151971 10 +40
193722 27 +59
502350 29 -12
520798 16 -25
486531 25 +36
27490 2 +20
795367 3 +65
584928 20 +42
521451 18 +32
502697 13 +46
245746 27 -33
456726 8 -12
286814 10 -11
820975 18 -13
725380 8 -31
3297 23 +60
636028 20 +26
766462 16 +5
605271 3 +56
135241 11 +52
586433 1 -4
502401 25 -27
893508 27 +40
457237 29 +14
71775 22 +45
172632 16 +41
613194 6 -33
872806 3 -19
144043 23 +4
317445 9 +44
129525 21 +28
764958 7 +28
901112 1 +36
73040 17 +24
285189 25 -3
56792 18 -19
415339 21 +27
639844 27 -17
831586 3 +27
544721 12 -30
249239 12 +48
707239 15 +57
891798 5 -33
89728 21 +59
122005 22 -2
746711 28 +42
450790 17 -21
870270 16 +23
804316 25 +61
374551 30 -20
199862 12 -30
383033 1 +10
459169 13 +59
289073 7 -15
846334 18 +42
719077 23 +4
79934 5 -7
574802 23 +63
76487 18 +31
245383 21 -20
398935 16 +42
183018 10 +26
846239 1 -6
838763 20 +19
717279 6 +52
799679 23 +28
626401 19 +13
645487 6 +15
496781 19 +53
11868 14 -13
251820 18 -27
465876 19 -10
877625 8 -20
378866 19 +44
575677 14 -27
106414 26 +52
201436 2 +4
344236 1 +43
888732 8 +23
671942 18 -10
552066 6 +62
728963 30 +37
134723 13 +14
195810 21 +31
717649 8 +7
62924 4 +20
434359 11 +8
428240 8 +43
135720 3 -27
149638 28 +16
231727 5 +33
780923 24 -6
496594 12 -31
708626 15 -22
804839 14 -22
986158 29 +2
568613 21 +61
178605 16 +52
977972 5 +24
979847 5 +61
679744 30 +39
878540 29 +13
189839 25 +58
414817 2 +22
219655 15 +33
722164 5 -33
290776 25 +13
469381 3 -4
447352 7 +53
427198 3 -3
623294 2 +22
501833 22 +67
511238 13 +6
977555 9 -27
122046 14 -21
258002 6 +43
805129 11 -31
384565 11 +50
961687 8 +54
423305 9 +3
295467 3 +48
688990 24 +33
927302 24 +22
501256 10 -25
581164 2 -28
87689 19 +27
971715 24 +7
651185 26 -30
488637 4 +58
465975 22 +14
263795 12 -20
278069 9 +22
718394 4 +23
258258 4 +30
345179 12 +45
198813 11 +34
541321 20 +48
696184 25 -17
132782 15 -28
814817 2 +47
169488 17 -8
852792 1 +13
366560 29 +6
738383 13 +63
462167 1 +42
176308 19 +54
655160 21 +26
703851 17 +62
706945 24 -6
142482 13 +11
433765 20 -2
392613 25 -11
191663 14 +49
307273 9 -17
724346 5 +2
56748 3 +61
875816 22 +20
669616 8 +22
605684 25 +66
172658 8 -2
352862 1 +63
410092 15 +27
655118 29 -11
773631 15 +14
56592 21 +11
849178 14 +58
833851 18 -28
584634 22 +40
797711 12 -25
638567 26 -16
405666 3 -3
268497 13 +41
596201 17 +59
271691 13 +41
516997 7 +32
310637 27 +62
345270 25 +12
792407 19 -4
872250 19 +7
291744 26 -28
193369 29 +38
43593 2 -15
202325 23 +39
893931 29 +29
425684 5 +26
554632 9 +62
304818 13 -17
101114 14 +42
613135 13 +44
446563 10 +39
806761 13 +59
46589 13 +51
92490 4 -25
115935 28 +6
406905 8 +41
505639 24 -29
777668 22 +42
573192 27 +7
476846 5 +41
802690 6 +4
189292 17 +64
525964 10 +4
630258 28 +45
582024 19 -22
652951 2 -18
392740 29 -27
79323 5 +41
607027 14 -17
735553 8 +29
886207 4 -30
350732 12 +62
838848 30 -24
910499 7 +34
735307 11 +57
756257 8 +59
882680 4 +50
669208 29 +25
453362 6 +51
336256 29 +55
207994 20 -22
75077 1 -28
430276 22 +34
340774 28 +1
592432 30 +42
348688 8 -15
231368 3 +20
900575 2 -24
870289 29 +60
722896 27 +47
170270 19 -9
887199 26 +20
355231 3 -6
102502 18 -32
782341 24 +52
647661 24 +40
390980 27 +7
177752 26 +33
500155 1 -28
390853 22 -33
392060 9 +37
365030 11 +35
843957 29 +17
405351 2 +18
255978 26 +59
733684 20 -30
280207 1 +50
279083 29 +1
709521 24 +56
641403 27 +60
880164 8 +19
666502 26 -1
591845 17 +57
53763 28 +7
942086 1 +37
332893 4 +20
574873 6 -23
932095 1 +13
788783 21 -16
47929 4 -14
916075 27 +2
79842 20 +56
426429 21 -1
311066 2 +14
352605 11 -2
817035 25 +43
384720 16 +15
413935 23 +62
631487 20 +44
504828 29 -29
457513 25 -3
881601 3 +40
625770 17 +20
83032 13 -16
626034 6 -12
543456 22 -26
52631 11 -7
466468 5 -21
64050 2 +67
587601 8 +46
645819 29 +10
184275 3 +10
836768 15 +32
227844 15 +63
411267 28 +48
361824 26 +4
379705 24 -15
72486 7 +53
888612 18 +54
100515 18 +54
756123 10 +24
804213 12 -3
808275 28 +17
227441 26 +61
856425 6 -22
564183 24 +54
684100 22 +59
84543 29 -5
695799 7 +7
182058 5 +22
531795 13 -5
718874 4 +8
141248 15 +34
941037 28 -27
684922 1 -2
31640 8 +33
8293 1 +32
700217 21 -27
573877 20 +25
209676 6 +34
678860 16 +29
659953 26 +54
337228 14 +53
547452 11 -11
34822 14 +11
726954 29 +2
985673 13 +47
707035 11 +63
963525 30 -10
160107 27 +66
880942 18 -23
914858 26 -19
66065 12 +9
142839 24 +12
372619 19 +33
644534 4 +39
490062 15 +11
626006 30 +46
136908 15 -31
718568 16 +28
585746 28 -31
753885 12 -22
458210 15 +43
872673 29 +33
905606 7 +3
790987 8 +36
44102 23 -4
189596 23 +54
444037 28 +62
897653 18 -20
243768 30 +26
193945 3 +10
408136 9 -30
256272 6 +44
253101 22 +1
466147 30 -14
138716 22 +40
256480 8 +35
10123 14 +23
879520 17 -25
24777 5 +43
843189 9 +40
249611 25 +27
826461 11 -2
716577 4 -2
808928 16 -4
264399 18 +64
56700 18 +43
328188 13 +65
732121 11 +36
987068 19 +65
195124 11 +53
110175 20 +15
190429 23 +28
824911 26 +56
919226 27 -18
264361 3 +33
937121 21 +33
610748 28 +20
761982 29 -9
772125 26 +11
884943 11 -14
327085 30 +61
506686 10 +41
680019 8 +51
616534 15 -25
298731 1 -12
865323 16 +9
605495 30 +8
496665 4 +41
934703 30 +65
460738 29 +59
434310 2 +43
621381 17 +29
332061 10 +47
831980 20 +32
413715 11 +62
374367 14 +37
254284 16 +31
381653 30 -6
521298 19 +49
660287 11 -15
510095 6 +47
697248 9 +28
412174 28 -13
479783 13 +19
852005 19 +33
760495 28 +51
691431 14 +34
739206 3 +38
698507 25 +36
825106 5 -27
520296 15 -32
627513 15 -33
137092 7 +42
245401 28 -25
568975 26 -21
406544 29 +27
656133 8 +9
923238 28 +66
188171 18 -28
901985 15 -23
41769 8 +25
558185 28 +37
39909 24 -21
368057 13 -20
858257 27 +55
924222 18 -3
973022 21 -18
742589 30 +20
647279 5 -11
692036 17 +26
53500 24 -6
758117 15 -22
19487 8 +40
733430 21 -5
412434 28 +4
908503 11 +25
498482 26 -2
873803 18 +39
290022 21 +17
961998 11 +53
198484 18 +4
36127 2 -28
618791 6 +59
599920 6 -13
192210 23 -27
997340 12 -25
905500 3 +57
89175 17 +59
987954 6 +32
273656 3 +29
364617 22 +12
818956 17 -11
678507 8 +33
532234 10 +52
715490 28 +14
602882 6 +53
634983 28 +52
301168 9 -23
344024 16 -18
927181 7 +39
742676 14 +7
844007 6 +62
505643 13 +21
263422 20 +54
850773 16 -6
680131 21 -25
176348 7 +11
321555 29 -23
505906 14 +53
19421 27 +33
340449 18 +60
151122 5 +66
520270 18 +60
66682 16 +33
906631 14 +6
232326 2 -13
557458 7 -14
271174 9 +42
11704 24 -2
250650 12 -30
778018 4 +19
958426 23 +41
127180 7 +10
479139 3 -10
30184 3 -27
528509 5 -2
60643 14 +9
777919 20 -19
497858 23 +38
564481 16 -14
937674 28 +56
327408 11 +33
610392 15 +12
292268 8 +2
669162 16 -15
591846 18 -7
740450 9 -13
324026 25 +7
147775 27 +64
266660 28 -5
667395 17 +22
206782 2 +29
552294 19 -29
707848 23 -10
256478 23 +53
104813 2 -3
485180 12 -1
987740 1 +25
883667 29 +51
184663 30 +10
657731 14 +5
80887 7 +38
445260 23 +32
361678 16 -22
825631 3 +56
900005 16 -32
80606 28 -1
944428 15 -9
785740 10 +58
586049 15 +20
458890 22 +50
825585 4 -13
13541 18 +48
665853 2 -24
591140 30 +59
942213 13 +64
827268 6 -32
986755 22 +48
261051 12 -13
314282 24 -13
896756 19 -24
192219 11 +61
407453 3 +53
94750 5 +57
994663 16 -5
814613 22 +8
208467 16 -26
145054 16 -20
128465 8 -18
42366 20 +65
587772 29 +20
422412 24 +39
627172 11 -10
680017 20 -9
426271 21 +55
207916 1 +19
441310 21 -16
207057 16 -10
449584 2 +55
954632 9 +21
340951 21 +44
67432 14 +55
959657 29 -23
547520 24 -7
496871 13 +16
398851 4 -17
712024 23 -8
263656 16 +49
40501 26 +32
336314 11 +15
949024 17 +18
775387 16 +1
7620 26 +57
569529 5 -25
72214 15 -2
993986 21 +49
182161 6 -29
845205 29 -22
611821 16 -21
159528 3 +45
497988 3 -32
731324 6 +55
798299 28 -27
842436 18 +54
543752 19 +67
328517 13 +4
920997 29 +64
278855 21 -32
92793 25 +41
845100 12 -33
457703 13 +7
820607 10 +30
1245 9 -21
475624 15 +15
791263 15 +67
445034 11 +35
835786 30 +31
191894 3 +37
777014 28 -19
147998 10 -20
157512 19 +35
721874 11 +42
649176 15 +38
430684 12 +13
668630 13 -26
918876 10 +8
175407 16 +45
169438 5 +39
713470 29 +4
968379 5 +54
60988 2 +65
5636 8 -11
49998 28 +65
992372 5 -1
191545 25 +30
191270 15 +57
803709 3 +63
498916 16 +52
39393 22 -28
34283 8 +51
328687 7 +38
896659 10 +25
75156 9 +22
381776 14 +45
292140 16 -11
630216 27 +59
291981 23 +19
662275 29 -14
416640 5 -22
364793 28 +13
138381 11 -1
443969 8 +58
970728 15 +65
400537 14 +40
680430 18 +32
479037 9 +47
715233 3 -22
80777 14 +5
745106 17 +44
454392 2 -12
144309 4 +21
908549 16 -12
752747 16 +17
759603 30 +5
405136 4 -15
47407 24 -8
278991 18 +56
359768 1 -7
621225 17 +22
75616 11 -6
736276 6 +48
644825 22 -31
913923 7 +19
189877 6 +8
595012 2 +26
508607 29 -17
435801 9 -27
267200 17 -8
326921 14 +17
560229 11 -17
913971 22 +12
147327 4 +36
465190 7 +10
631258 29 +38
307355 29 +49
447446 25 +8
184766 1 +8
911827 17 +7
683413 8 -22
520006 7 +60
806879 11 +30
34980 21 +8
204635 23 -4
737841 23 +54
522539 26 +9
127099 26 +6
566223 8 +24
635253 20 +50
726661 1 +14
461671 5 +20
915897 20 -3
341967 20 +29
901057 20 +63
23441 8 +55
898995 29 +45
122730 30 +43
235958 16 +65
158125 18 -32
672784 6 +30
623207 10 -1
85973 2 +48
458702 3 +14
405072 8 +22
906623 15 +62
78260 22 +56
227339 19 +37
350360 16 -7
599385 28 -30
918944 2 +54
992449 6 +12
856259 16 -16
317250 12 -15
926755 6 +9
373054 12 +31
393989 30 -10
61152 9 -20
985291 28 +40
248978 11 -25
971115 29 +19
427418 24 +19
46853 13 +29
261668 1 -22
930181 15 -16
953448 28 +38
354909 3 -23
549910 28 +30
661181 20 -29
924678 30 +1
531230 1 -33
637268 5 -16
898703 6 -11
885155 29 +9
571678 16 -11
363342 27 -12
683121 7 +50
92924 1 +11
852791 27 -10
313083 11 +20
73182 1 +49
568385 28 -32
791139 22 -30
114054 14 -23
370733 28 +55
487928 1 -5
838694 13 +16
849723 17 -10
65813 12 -19
504960 5 +16
416140 18 -4
803172 29 -20
577121 15 +19
301193 25 +25
753406 22 +57
380293 12 +36
651653 22 -19
438748 26 +4
291486 12 -33
871047 30 +27
618461 19 +18
97661 25 -12
913209 28 +10
996513 5 +54
749079 6 +59
709880 17 +3
791313 11 +7
643795 9 +6
876600 19 -10
375223 1 +38
420042 23 +50
116942 27 +10
34308 1 +19
446926 27 -18
985200 28 +62
52568 15 -8
620604 26 +6
44354 15 -1
206244 18 +51
655734 18 -28
414136 11 +66
897589 13 +59
425615 16 +67
91687 4 -9
164293 8 +43
429542 25 +10
267726 23 +65
363201 15 -31
154715 10 +13
450105 27 -2
87712 5 +34
235054 7 +22
473439 18 -13
232426 22 -27
508529 29 +18
567178 24 +59
118253 21 +36
953065 24 +37
231762 1 +3
830941 2 +59
642178 19 +23
601864 5 -25
826942 18 +66
351719 26 -9
139472 27 +20
175401 30 -3
28424 29 +50
835496 10 +66
640971 17 +27
651092 9 +20
554295 24 +49
248365 4 +12
630890 23 +54
676539 19 +24
444294 3 -5
131152 13 +48
650302 27 +23
785820 8 +18
933611 7 -12
732037 19 +32
147555 10 -23
300580 7 +43
426166 15 -17
481398 21 +22
247758 1 +67
201070 21 +19
424865 6 +20
37393 29 -10
991720 22 +1
519607 8 -12
484697 18 -5
529169 25 -26
254885 11 +40
521491 7 -12
648001 9 +46
806592 20 -33
689014 24 +32
323692 19 -25
546120 14 -5
513621 25 +54
909990 23 +50
256817 1 -31
835172 5 +6
792294 29 -5
804723 7 -4
316751 9 +40
975882 25 +5
916065 14 -5
472175 12 +67
545118 18 +39
383282 12 +28
650575 27 +45
163927 15 -33
349503 14 +13
688701 13 -14
945630 27 +37
321358 24 -31
757103 25 +34
290256 4 +60
428889 6 -24
692608 28 +59
82461 15 -16
127617 27 +11
599312 15 +13
19035 14 +66
551139 4 -6
518567 8 +52
610332 15 +6
150126 9 +13
716772 29 +1
823889 30 +60
381466 27 +21
162673 12 -12
519031 19 -1
242835 17 -15
655159 4 -25
589104 11 +42
20551 9 -27
381917 5 +51
145376 30 +22
856044 13 +10
413555 8 +28
468483 19 -1
701106 24 +30
944574 12 +65
920293 11 -26
57538 7 -23
677668 3 -21
54137 7 -4
509903 13 +24
473854 28 +67
122246 18 -28
86595 12 +55
978166 14 +60
396269 23 -16
392642 30 -24
518424 22 +15
292181 7 +34
840595 6 +22
797441 4 +24
428546 15 -23
525093 30 -26
501252 29 +22
3343 1 -14
550396 30 +55
417951 22 -5
744812 1 -29
636436 7 +52
113372 12 +46
73889 10 +39
663362 2 -17
254186 30 +28
776267 24 -22
181735 25 +21
688047 12 -33
239776 2 +18
789919 6 +30
363309 30 +17
670318 1 -13
248729 22 +28
157500 30 -12
837782 30 +26
444523 1 -9
64318 14 +26
675332 14 -29
190185 17 -2
485166 21 +18
111404 10 +26
844725 20 +43
525725 2 +23
984548 13 -26
133387 13 +56
13686 17 +30
126696 7 -2
992111 21 -19
643975 12 +66
49293 2 -18
920173 13 -15
409402 20 +63
146703 6 -14
205964 15 +35
766898 5 +21
83690 27 +59
932606 20 +6
11732 24 +17
9114 4 +43
164527 29 +35
267891 30 +7
682513 27 +60
111414 6 +62
286971 25 -24
883035 9 -27
253739 22 +63
359957 20 +20
266006 9 +3
163569 16 -33
275534 5 -7
570715 4 +36
676866 28 +48
438712 22 +14
381977 1 -17
7562 29 +19
448852 6 +9
235885 30 +66
979004 25 -30
703025 17 -9
51920 26 +25
591335 14 -10
241440 17 +56
411638 23 +67
764981 21 -5
507434 12 +9
405892 6 +60
60398 14 +44
919907 9 -2
512504 23 +23
847300 13 -6
121527 6 -20
570371 25 +20
909047 26 +9
765321 24 -11
909811 5 +23
741905 7 +66
515340 5 +63
590073 27 +22
748461 4 +25
670426 21 -25
631500 14 +3
686045 9 +25
543631 10 -30
126617 24 -10
333330 21 +53
687685 30 +57
154883 17 -5
970810 21 +20
114468 20 +33
288881 1 +58
578674 18 +57
575179 25 +53
519837 30 -17
856989 25 -1
351614 30 +29
511147 20 +65
225126 20 -1
103004 23 +9
31985 28 -25
73626 20 +8
558876 11 +33
125613 6 +12
860559 22 -1
156408 16 +40
294832 20 +54
701994 7 -1
87093 29 -24
998172 22 +32
541656 20 -33
466005 3 -7
441644 28 +21
616424 4 -15
192742 7 +44
681523 21 +52
758441 27 +35
724120 21 +28
298948 2 -29
637809 17 -5
711510 17 +51
150872 15 +56
244774 19 +51
604593 7 +27
289157 3 -33
851005 29 +42
147125 19 -19
45484 9 +1
57226 4 +1
407478 14 +9
231946 17 +18
562614 17 -12
473109 3 +14
555009 22 +59
417575 12 +15
954069 16 -30
320900 21 -6
812898 6 -23
648408 9 +56
914523 12 +33
125766 23 +30
340145 6 +43
23663 25 +3
617965 16 +11
255826 5 +37
129987 28 +58
954675 15 +57
971977 8 +6
422364 26 +13
604785 3 -13
157046 7 +53
790658 24 +49
689196 10 +12
581080 25 -25
587255 17 +54
29581 17 -9
726358 16 +66
857414 16 -7
841391 30 +48
446175 24 +20
603220 30 +6
910230 24 +39
115777 25 -18
696856 11 +44
800462 27 +30
830042 13 +6
72751 20 +57
930164 5 -18
398397 8 +25
14436 10 -2
239100 30 -30
281501 12 +52
397016 19 -21
346832 7 +35
930793 11 +48
399019 10 +41
472054 19 -10
674985 14 +54
345800 14 +2
536299 7 -11
663750 10 +41
303892 6 +41
372605 8 +9
809433 7 +40
720942 9 +32
404112 2 +3
351321 15 +8
9619 24 -9
314385 10 +43
107008 12 +41
350014 7 +43
162976 3 +34
972473 14 -11
894283 26 -27
141611 13 +15
514920 30 +27
876953 30 +47
784110 24 +18
682905 10 +2
971734 15 +61
697738 12 +26
100014 30 +53
976416 12 +26
723959 29 +60
205827 26 -31
836459 15 +41
47578 27 -7
827589 27 +3
818772 13 +59
915983 6 -9
655520 26 +29
701131 2 -6
389413 12 +10
60264 4 +21
555822 28 +47
113380 12 +57
104344 30 -15
912740 7 -27
64538 18 -4
357770 4 -21
932147 8 +51
137683 5 +33
170056 19 +45
1739 12 +9
10662 23 -19
887491 4 +61
630794 22 +57
117523 8 +48
164491 8 -15
421898 22 +7
410534 5 +54
795431 12 -13
192955 30 -6
95873 23 +33
744497 27 +46
344651 1 -13
732795 2 -19
989208 12 +56
908776 12 +47
859325 22 -5
756838 30 +29
740482 2 +11
60443 29 +65
106134 16 -11
421466 4 -15
78613 26 -13
707305 20 -19
928238 21 -11
137799 20 +17
433231 10 -8
172302 4 +30
319863 7 +63
497244 17 +57
390852 29 -10
518777 9 +8
408032 1 -29
946107 18 +28
280149 12 +65
527679 21 +64
369540 28 +46
743981 10 -2
545184 7 +61
601283 16 +4
105231 21 +55
636549 22 -18
488789 28 +66
490249 19 +24
890076 16 +24
193829 24 +2
277579 2 -8
66058 23 -27
283399 26 +9
186435 12 -10
868313 1 +21
435165 8 +21
308458 28 +61
83156 27 +62
982914 23 -12
452321 30 +18
112825 5 +48
914006 11 +6
544519 13 +4
840576 8 -10
266718 14 +3
762850 19 +67
847750 3 +25
929447 17 -21
986753 10 +45
299816 10 +65
912665 21 -12
711191 9 +47
406672 27 +65
93346 30 -9
666794 28 +52
429644 17 +4
277393 19 +61
723191 27 +25
709944 6 +2
526111 8 -2
955127 28 -28
666317 28 +52
589340 16 +1
682685 8 +25
55180 2 +19
888177 10 +14
548635 5 +6
859595 2 -5
683403 18 -10
772481 20 +1
73078 17 -22
841727 1 -5
884666 6 -14
291531 3 -29
371098 26 +3
784102 12 +31
142793 2 +18
335178 13 +12
365119 26 +15
735747 2 -6
886158 25 -29
884626 15 +50
197078 5 +15
866663 1 -4
293457 26 +47
627903 1 +48
332346 11 +40
684180 6 -32
890242 25 -13
693179 14 -15
102750 10 +43
623137 2 +20
887951 9 -4
2885 30 +59
166975 29 +67
951752 21 -32
761745 24 +67
629235 25 +46
446522 27 +39
897008 25 +17
236821 22 +19
55390 4 +55
194441 15 +5
54991 16 -11
928571 16 +16
218981 9 +20
193972 30 +64
512687 20 +50
510303 21 +24
551940 21 +31
406046 4 +52
958780 11 +41
94765 18 +34
11080 22 -25
90737 23 +46
627194 15 -22
764705 13 +50
835614 5 +36
556806 11 +38
785816 17 +29
248528 21 -26
47691 16 +6
322793 4 -31
445433 23 +1
418494 3 +38
958008 4 -18
499374 8 -14
804336 16 +53
534833 7 +58
137385 20 +25
509001 7 +5
402853 17 -6
874331 10 -13
117874 5 +20
221178 5 +65
112813 23 +25
11758 22 -3
111986 9 -15
926181 11 -31
480999 19 +54
328379 6 +55
390717 5 +59
626794 27 -12
647725 21 +15
464589 1 +44
684476 18 +56
934578 10 +14
495951 20 -2
204210 22 +31
132510 19 +30
583020 18 +8
804267 9 -25
360294 23 -32
57540 10 +45
857791 6 +34
212243 7 +9
562552 23 -15
408091 16 +36
102253 9 -4
147164 1 +59
712914 3 -23
792151 14 +45
820432 27 +38
155734 15 +29
948635 11 -30
420312 4 +13
683578 24 +64
266542 24 +7
281189 14 +59
137348 25 +22
348720 7 +36
243685 26 +38
212958 18 -32
399684 10 +54
451588 13 +40
349610 21 +4
778225 27 +33
672010 18 -26
10564 29 +15
30799 6 +62
865225 4 -19
96861 16 +66
46327 30 -26
73914 28 +58
753515 21 -3
426568 27 +59
854370 22 -17
50416 21 +45
971854 9 +8
720934 15 +6
928469 11 -19
823724 29 +43
198850 28 +21
390629 29 +34
587498 21 +1
705388 22 -33
713666 20 -12
295910 8 +4
718660 30 +9
295810 11 -6
648355 25 +63
641365 20 -14
518526 13 -13
492793 22 -33
480203 25 +65
932343 27 +5
231527 10 -31
155978 16 -22
861355 10 -10
390925 27 +52
775485 4 +58
396611 5 +23
318461 15 -1
136415 17 +44
924388 25 -2
435894 12 +41
613852 26 +19
312631 8 -4
98999 13 +51
461160 27 +27
120048 28 +63
4131 25 -27
453486 9 -15
183312 15 -1
584239 26 +40
243763 2 +33
899976 23 +37
750191 12 +67
606670 28 +17
704424 9 -25
822911 5 +23
159540 23 +54
839324 1 -10
929844 25 +54
891188 27 -9
752616 15 +6
446469 14 -20
687921 25 +24
665655 5 +45
241024 13 -32
804952 1 +31
165628 9 -31
203310 12 +45
752810 8 -13
466895 15 +27
786303 3 +42
630577 29 +10
646272 27 -18
629667 26 -12
712463 17 +12
323115 10 +63
130727 24 +43
106725 1 +52
737298 23 +14
205758 23 +60
96342 9 +62
685516 14 -10
873256 29 +62
409752 12 -21
934378 6 +42
151556 3 +9
884198 8 -14
291841 5 +12
246514 1 +9
161706 13 +66
961310 7 +59
881589 12 -26
885362 27 +30
176902 21 +34
421863 8 +63
861268 21 +18
332772 30 +67
969300 6 +60
6864 28 -28
198274 18 +30
43128 30 +40
295024 27 -21
133596 21 +41
205114 17 +42
655596 2 +4
197505 15 +23
498327 7 +1
983978 12 -8
507193 9 +50
221818 27 +65
264945 18 -12
76321 14 +1
726268 4 -27
931381 13 -1
103328 6 +36
300833 20 +43
971139 16 -32
659515 1 -2
567009 6 -10
566557 23 +9
318615 14 +53
30922 17 -28
629437 15 -9
397023 27 +24
542645 7 +52
242350 12 +36
823742 25 -27
982267 16 +41
254269 10 +49
422606 23 +57
915488 10 +24
187843 8 -4
27131 2 +34
622525 29 +8
372803 23 +52
549549 1 +53
351022 29 +46
759197 2 +12
790754 5 +33
920183 25 +38
918357 11 -23
17517 10 -29
810334 28 +3
23075 8 +27
103473 22 -19
671207 30 +30
27109 28 +4
142318 25 -1
709051 12 +5
777966 24 +40
431970 16 -5
22382 1 +12
63771 16 +45
218279 7 -29
399278 1 +44
633062 26 +3
678331 2 +11
391530 6 -21
754926 23 +31
539139 17 +48
650423 26 +17
36968 20 +50
402970 30 -29
742855 4 +50
228204 22 -21
199114 17 +41
754191 11 -30
728104 23 +52
396401 18 +30
33484 8 -33
108590 9 -11
540077 1 +10
312757 16 -22
786018 20 -15
950231 22 -12
941572 5 +54
431249 20 +45
962721 5 +48
161953 27 +49
770701 7 -17
566928 22 +25
498957 26 +54
105519 19 +10
934034 17 -22
235484 18 +9
925497 7 +32
604432 24 -21
983321 16 -1
970047 19 +5
319535 17 +5
570924 27 -17
374635 13 -9
316692 25 +11
767360 16 +44
985847 19 -22
716706 3 -25
159052 8 +59
583427 12 -22
717935 9 -23
442623 8 +12
340032 25 +35
2398 21 +21
486150 14 +12
620396 3 -29
191153 6 -31
148651 24 -26
467165 7 -22
61592 21 +5
927356 1 -10
193704 25 +66
180394 25 -4
938000 20 -7
481830 15 +43
433756 11 -11
211458 3 +42
599475 30 +44
490601 23 +8
5617 13 +52
644197 6 +7
376387 14 +62
38074 23 +7
200180 21 +6
237339 28 +36
466243 30 +43
686955 4 +52
852617 20 +26
712639 13 +26
426071 19 +43
609045 20 -10
946791 24 -23
430986 16 +3
885311 4 -19
312161 24 -29
714039 29 +67
711338 13 +21
11564 4 +38
763365 2 +28
433907 29 +50
633837 23 -6
257806 5 +37
532222 30 +22
637477 16 -17
511570 20 +45
669036 19 +35
510924 23 +24
797749 25 -14
612632 17 +4
446173 29 +62
336694 28 -2
895686 27 +4
532240 24 -24
284429 10 +53
385136 29 -26
38995 26 +10
744954 15 -16
706318 6 +33
775704 12 +16
665750 7 +41
318878 8 +34
860486 26 -30
753714 26 +10
913197 13 -11
256949 22 +25
97129 24 +19
631425 24 +24
636581 11 -8
91456 20 -5
275768 5 +45
139774 11 +23
833663 14 +60
98888 18 +25
500375 30 +22
159248 19 +22
619779 12 +50
551005 21 +26
980200 6 +6
188760 15 +14
822021 2 -20
326155 19 +6
554207 11 +20
401862 19 +7
401359 5 +34
869830 1 +33
192410 13 +11
891742 14 +67
745482 24 +18
459947 20 -23
810841 13 +50
980265 23 +57
770743 5 +63
75466 7 -24
648146 23 +35
918332 28 +17
142972 13 +26
935546 25 +19
927479 25 -1
271703 17 -2
59672 12 -10
83507 21 +55
999331 8 -3
124456 17 +63
106824 27 +60
414106 28 -10
754605 16 +62
231747 10 +59
429241 22 +38
843638 5 -9
147344 19 +63
195085 26 +21
829367 8 +52
88045 5 +59
405683 27 -19
183641 10 +39
291748 6 +43
438766 28 -12
516435 20 -19
786588 14 +19
709173 21 +14
127733 25 -2
989828 1 +17
98906 22 +61
46782 18 +44
448899 19 +36
256290 14 -17
95576 7 +49
935005 1 +35
185704 4 +22
635727 3 +46
861097 16 -23
461673 25 +6
436785 9 +63
394536 27 -5
990805 15 -7
606993 23 -17
30408 6 +11
976445 3 +67
907047 28 -31
149501 8 +48
883853 9 -5
305188 9 -32
759224 24 +53
301302 4 +41
886160 1 -4
181087 29 -11
477829 4 -4
731505 13 -8
974899 7 +40
961896 7 -9
950724 25 -5
69114 18 +35
790542 16 +58
246617 1 +60
484120 20 -30
468302 2 +57
939100 4 +38
541145 9 -7
176737 3 -9
64283 27 +40
355861 15 +15
396216 12 +28
196075 13 -32
159520 17 +37
713790 20 +56
366042 22 +58
690563 14 +9
266818 10 +54
554899 26 -11
461851 8 +25
653528 7 -16
530132 17 +52
913204 30 -22
78318 9 -3
810424 10 +40
28385 10 -20
913288 21 -6
942961 9 +65
881612 24 +63
187788 11 +13
856087 20 +40
837234 17 +24
716692 18 -22
768652 30 -5
272432 2 +19
195801 27 +55
523412 17 +43
194365 4 +55
749803 19 +67
882816 4 +6
174038 9 +44
462978 25 -24
178554 26 +21
516841 16 +24
153710 19 +55
319304 16 +8
379662 21 -30
25348 1 +35
39531 10 +38
977109 28 +5
816285 24 +43
694233 6 +20
173789 11 +25
168156 17 +17
755651 16 -23
263049 18 +33
235086 2 -6
68699 9 +42
223199 11 -28
96550 9 +33
876539 4 +17
935604 8 +1
110979 7 -12
152059 26 -5
343847 18 -3
442423 24 -3
676290 1 -17
85213 25 -19
830852 2 +32
212064 18 -20
78962 29 +19
638287 23 +22
353016 6 +53
401702 27 +63
333889 17 +10
303287 18 -17
145550 14 +25
240340 10 +38
129356 6 +41
852130 19 +4
385769 22 +18
546557 16 +56
61431 13 +24
104179 9 -24
842955 3 +66
549761 11 +52
3998 28 +53
957103 10 +44
477774 3 +51
789209 2 -21
987957 22 +48
983260 12 +57
678018 18 -14
699560 8 +65
232650 6 -30
621134 22 +32
307434 19 -20
544 27 -17
785675 10 +57
493680 15 +18
336621 5 +26
426164 16 -15
400595 26 +3
645635 15 +14
46632 19 +64
970179 15 +49
719562 28 +35
956682 26 +30
921878 18 +4
260857 8 -18
342101 28 +3
551378 26 +66
435243 23 +13
571480 10 +47
64267 8 +30
756557 19 +8
198111 16 +21
425630 18 +2
396218 27 -22
71295 22 -14
272774 20 +40
988611 18 +17
718419 5 +11
623861 14 +43
920850 6 +9
874739 8 +65
73958 11 +27
374995 25 +56
778395 8 -28
69831 8 +19
259334 30 +44
167173 11 +7
735863 26 +25
365997 11 +37
219563 24 +39
343190 23 -24
223410 22 +34
63430 11 -20
852637 28 -26
512906 2 +57
788743 28 -11
571304 7 +15
411966 16 -24
745972 26 +25
177504 29 +39
254478 18 +29
766152 27 -11
877934 10 +19
48156 29 +7
156683 20 +65
823866 4 +59
289774 1 +63
92072 12 -21
949180 20 +3
484957 21 +7
136605 14 +36
778862 6 -14
2038 30 -29
697479 11 +27
643579 18 +62
910168 20 +27
272932 7 +52
415394 19 +24
557066 15 +55
580295 26 +11
737347 24 +67
371413 15 -21
189548 30 +18
804239 1 +48
551770 25 +27
977749 5 -7
354568 19 -24
286234 7 -30
701065 14 +36
828679 19 -19
879284 28 +28
623709 21 +40
828105 23 +40
370406 5 -23
298767 4 -2
286221 23 +48
672987 12 +15
232486 25 +1
605844 13 +65
709538 9 -6
577578 20 +30
830218 4 -11
762670 28 -7
376972 1 +52
403306 22 +18
485252 4 +38
16624 4 +25
786705 19 +62
727242 8 +5
878946 15 -7
338465 19 -29
359496 21 -12
313451 19 +10
389879 13 -20
425721 25 +38
456394 6 +41
459648 25 +64
306401 19 +21
799239 8 +14
639226 15 +59
171392 11 +23
275020 24 -31
606522 6 +21
994002 1 +51
807867 13 -30
863233 17 +64
929970 25 +11
681064 20 +63
381704 26 +53
637734 18 +30
642338 25 +21
522150 8 -9
74683 21 +65
95310 24 +19
444650 17 +37
558712 5 -32
439100 9 +39
586085 6 +2
335426 2 +58
381662 24 -10
120089 20 -21
405523 6 +29
113812 4 +63
525702 7 -29
580127 6 -28
670103 17 +36
801080 8 -13
883648 25 -29
289615 17 +49
785516 30 +10
559632 24 +50
267001 17 +25
215346 2 +36
527541 28 +38
197587 5 +16
549702 13 -30
963471 23 +50
852510 29 -4
897884 21 +11
30352 15 -22
854943 8 +10
530346 15 +62
95062 13 +7
140125 15 -1
244492 14 -15
885516 17 +40
138261 29 +10
441825 20 +19
898646 25 +55
327796 8 +6
659992 30 +49
982619 26 +46
250255 18 +8
544008 30 +32
938634 30 -25
981557 2 -10
891935 14 +3
954495 28 +28
52884 15 -28
509421 13 +20
593268 6 +11
380410 25 -19
137845 17 +36
597272 21 -6
802583 19 +29
435013 15 +37
560614 20 +24
659210 12 +18
66957 27 +54
198091 1 -27
599315 17 -8
609221 21 +2
790857 19 -2
722933 9 +22
61925 20 +5
535974 11 +17
579650 7 +30
298509 28 +39
167081 16 +47
84009 4 +37
377090 29 +52
222666 16 +24
119708 27 +32
802118 11 +64
330256 28 -13
642755 9 +13
753876 24 +62
555552 17 +23
518631 17 +3
695996 6 +63
113419 12 +4
880520 10 +21
3761 23 +21
805879 3 -32
136134 23 -11
295241 23 -14
565468 16 -19
637371 3 +37
156002 11 +24
368349 16 +19
998120 20 +8
878639 29 +61
256345 15 +22
482817 16 -1
55961 10 -16
759915 30 +25
813828 16 +44
30165 27 +15
847899 13 +16
289309 16 +16
91117 6 +35
73006 20 +25
212936 16 +21
763372 10 +37
183358 17 +50
59269 27 +16
964400 23 -6
568045 20 +60
870711 20 +10
39985 11 +19
327463 20 -14
878180 8 +44
576191 21 -22
425256 23 +51
747605 7 +60
195724 25 +28
548500 3 +28
404104 7 +24
367204 9 -14
142855 12 +23
583055 1 +37
202275 17 +17
395504 21 +59
902734 26 +15
755838 18 -30
10776 20 -7
911111 2 +45
819725 1 +49
250431 20 +4
567479 25 +58
576531 25 +13
885053 16 +39
49700 17 +42
832462 6 +27
964007 30 +65
660396 28 +40
980897 28 +2
373559 29 +26
439129 27 +56
564670 27 -14
790166 24 -32
959432 15 +21
950647 21 -29
372706 11 +33
134511 20 +39
16372 24 -15
697660 19 -18
759577 27 +41
606227 18 +21
604813 7 +42
414541 20 +7
618467 13 +39
418863 10 +37
211234 15 +42
414664 9 +53
817695 7 +24
398398 22 +35
584236 17 +63
711285 22 -12
513622 26 +53
591430 8 +46
521239 29 +12
704453 28 +26
190772 23 +59
812657 10 -27
566817 26 -33
80943 24 +66
368637 21 +53
803455 3 +37
340879 30 +10
29224 18 +39
691361 4 -24
286721 25 +30
249599 18 +53
985403 25 +9
112292 17 +25
162989 27 +20
835154 5 +8
404715 14 +62
477897 27 +40
208568 10 +16
494918 30 +28
955411 14 +1
41615 9 -2
964763 23 +53
655869 2 +44
932627 6 +32
193436 26 -15
22530 3 -1
647545 17 +48
582103 5 +67
417633 18 -17
191724 1 -6
608829 4 +61
859719 11 -26
273403 17 -6
900345 23 -27
854190 23 +9
19928 7 -11
684660 29 -15
705616 29 -12
628373 15 -28
660642 14 +48
89144 20 +28
679829 27 +46
418099 7 +49
932597 13 +45
869959 4 -15
98044 28 +13
505212 8 +24
569361 1 -9
531761 16 +16
854625 28 +57
42421 28 -1
620410 17 -21
586058 30 -23
595234 9 -27
96916 27 +32
800891 5 +27
246040 3 +39
79908 17 +51
400948 5 +11
143146 6 +35
498223 20 +7
591361 12 -33
798629 22 +26
393430 28 +11
276108 15 +27
333556 26 -32
585702 17 +9
233557 30 -33
54948 30 +20
198093 27 +40
212668 17 +31
320380 20 +32
119008 4 -11
28789 23 +33
821248 7 +44
671155 25 -3
256857 11 -10
490413 3 -10
473147 27 +38
451108 21 -18
330985 25 +50
141313 29 -20
74104 13 -13
223117 30 +28
647410 19 +27
275998 9 -20
135942 12 -12
275865 25 +53
797397 7 +52
882985 24 +59
20646 18 -6
806222 11 +7
906910 3 +63
157724 15 -22
923503 24 -13
731411 18 +38
909501 9 -22
999162 7 +43
687098 21 -10
28257 12 +28
220730 22 -28
509890 13 -7
183410 28 +55
909355 10 +30
200159 2 +32
393423 12 -6
676652 4 -6
790350 1 +9
290338 7 +6
617058 17 +62
254322 14 +44
533113 22 +33
111095 1 -7
62373 23 -1
126414 19 +59
434275 8 +33
778307 6 -17
810802 29 -16
291272 19 +23
566170 14 -21
485776 12 +1
619791 9 +65
258084 15 +60
307564 10 -17
958658 1 -4
618517 26 -30
51254 12 -24
166371 19 -23
479381 16 +2
161030 9 -30
239573 14 -2
484796 24 +41
373884 6 +25
122950 24 +40
641349 13 -3
645591 18 +66
12746 8 -30
452169 20 -7
754210 26 -27
209205 10 +3
950565 23 +27
232611 26 +22
588454 25 +57
645541 28 +59
466244 10 +59
693328 20 +50
244715 13 +47
898712 9 +16
498824 28 -24
819969 13 -20
944670 15 -3
358702 21 +8
714560 11 +13
270326 4 +53
817213 25 +48
862934 7 -26
509653 19 -12
841328 19 +53
24328 18 +28
538035 23 -5
59830 13 +18
829284 15 -30
847544 30 +30
4846 25 +56
424139 15 +20
263124 4 +6
683742 26 +10
698740 3 -12
276638 23 +17
171645 13 +3
625670 13 -17
556572 7 +67
229667 11 +63
749758 21 +60
729683 26 -2
184739 26 -27
808255 18 +67
812240 22 +7
644462 23 -5
320096 18 -8
142758 5 +62
89823 26 -16
519991 13 +3
664173 28 +61
276344 29 -6
722771 17 -16
350036 6 +39
700495 7 +30
615476 8 +43
635658 3 +38
815428 29 +48
214614 16 -31
178851 24 +60
72036 29 +32
899013 26 +27
600273 5 -4
955291 17 -17
647808 9 +31
376565 7 +58
967254 17 -33
75168 7 -6
325976 11 +60
308953 5 +62
770118 30 -4
942876 21 +61
589613 13 +33
895068 29 -26
667494 4 -18
751834 5 -2
792550 15 +52
626089 14 +19
395207 28 -7
189728 22 -3
45992 24 +16
628173 7 -10
212614 15 +4
38436 2 +23
972026 27 -33
713880 28 +1
912176 4 +3
686220 25 +43
400495 13 +49
753262 6 +28
439723 4 +20
564618 19 +44
994255 17 +9
877961 2 +44
138322 12 +22
455851 18 +53
690758 3 +28
843002 20 -2
987748 1 -8
934621 2 +6
541628 26 -21
29831 12 -3
891161 4 +4
682528 12 +64
815349 28 -16
473471 25 +35
925078 15 +45
479072 18 -3
761541 3 +45
684043 3 +17
919954 26 +44
64321 26 +26
228965 2 -14
142850 20 +14
360763 7 +62
371083 27 -17
887687 24 +61
822752 24 -17
895199 13 +24
505524 13 +67
923338 11 -29
72013 20 +45
548870 19 +61
348163 25 +10
347852 1 +24
202611 28 +6
851937 23 -8
502940 20 -5
31325 28 -7
908487 19 -32
101751 16 +59
636392 13 -30
58591 6 -8
775861 20 +55
438025 6 +7
409487 7 +17
131014 2 +5
76739 20 -5
693028 18 +20
290477 22 +58
520426 3 +9
335531 16 +52
316465 11 -7
692192 11 +54
605561 12 +30
450038 13 +16
80354 10 -19
384195 18 +20
217016 22 -2
957664 4 -26
660717 15 +52
216809 11 -19
730656 27 +46
751129 13 +37
626389 15 +49
736992 26 -14
252844 20 -9
542233 4 +39
140802 5 +54
79875 4 -32
267938 29 -16
323095 25 +45
881735 14 +1
35154 5 +29
526506 19 -32
342873 30 +60
377388 14 +3
277417 25 -14
152402 14 +40
179018 27 +14
647741 27 +3
111701 14 -4
390076 27 -17
315681 30 +37
580707 11 +42
790715 3 +66
912094 10 +53
541550 19 +21
63276 23 +22
210641 29 +39
941308 25 +32
432344 16 +32
416909 22 +59
109308 23 -10
260667 10 -3
530080 18 +64
138184 14 +10
337824 29 +59
703934 24 +34
893669 15 -26
954197 21 +34
702513 26 +29
461711 29 +37
113524 23 -5
693107 25 +63
759668 23 -7
623375 25 -24
694320 6 +52
249919 5 +38
958924 4 +6
967648 30 +54
989241 3 +19
102698 12 +29
214446 1 +4
672870 28 +10
542324 6 +29
646227 5 +4
413023 12 -26
867911 14 -8
74165 12 +16
275130 10 +16
379409 11 +56
368401 14 +53
659014 11 +50
360556 15 +20
250045 7 -6
857560 25 -28
837637 22 -5
44450 20 +6
181933 10 +22
143754 8 +51
916813 18 +11
719976 5 +63
498599 20 -25
398911 2 -17
597666 19 -21
887234 5 +40
374638 5 +28
786901 3 -24
857590 17 +9
61980 20 +14
884069 3 -23
313099 28 +53
935413 8 +4
998162 26 +14
174215 19 +31
5896 13 +16
655782 13 +53
536896 14 +6
517148 15 -6
703406 11 -27
338095 3 -6
349679 19 -8
106558 25 +57
784097 23 -30
742853 29 -16
265573 17 -21
693465 5 +13
896869 13 +8
403882 22 +55
912788 21 +12
567340 8 +6
800702 23 +36
849202 24 +45
695086 17 +42
286321 17 +46
220571 11 +18
868717 27 +34
154453 7 +54
831975 7 +35
791577 11 -27
95237 2 +13
143376 10 +66
732740 18 -33
315093 24 +5
921302 2 +25
209228 14 -6
701118 20 +64
52754 16 +16
317383 15 +43
495799 1 +19
324111 28 +7
624062 16 -19
778034 6 +21
892583 14 +65
268158 23 +66
131259 3 -8
296514 29 +63
941035 29 -33
478042 24 +50
827768 5 -1
386648 6 +11
271077 20 +24
765404 15 +9
718832 23 -10
826445 21 +48
923619 19 +58
198221 4 -30
551671 24 +57
622070 19 -3
757743 1 +65
266620 26 +64
243935 13 -9
349417 14 -5
799451 10 +27
941835 22 +23
181518 23 -8
727726 8 +14
314281 20 +36
477584 20 +57
84074 30 -1
596845 26 -30
372710 21 +5
552084 21 -28
913000 10 +24
864391 7 +10
158062 12 +27
957976 20 +4
560646 29 +36
907105 28 +20
475394 12 +45
609633 15 -12
212821 5 +51
556033 30 -15
404673 8 -16
993924 21 -26
150230 12 -12
313561 1 +64
198491 19 +9
873041 23 +13
959280 1 +59
731304 4 +43
455730 7 +63
376494 6 +47
359364 5 +19
236493 15 +42
433365 26 -30
131497 22 -17
607669 26 +26
143457 3 +18
765502 4 +49
525172 12 +52
52015 29 -19
235094 9 +27
110139 30 +42
139205 27 +35
153979 12 -2
828874 28 +47
638218 18 +15
626303 18 +24
216585 2 +25
400811 26 +48
788612 22 +62
109160 2 +7
918488 8 -4
137620 5 +2
760478 19 -21
420939 8 +6
465269 18 +23
91956 6 -24
206746 3 +61
285269 23 +23
26124 9 +34
434098 29 +46
369331 18 -16
707538 4 +4
201565 17 -20
768423 27 -29
572312 12 +40
220901 11 +47
857646 26 +44
764400 24 +12
949982 22 -13
15463 20 -16
679583 18 +67
568832 6 +4
822416 20 +20
110664 16 -7
262450 8 +6
432343 27 +58
246645 16 +4
438292 20 +3
408095 12 +37
461017 21 +51
706216 10 +33
94885 9 +64
248291 21 +31
443262 28 -7
100737 28 -6
202336 30 +37
840014 26 -20
736869 24 -28
694521 15 +19
739092 8 +35
821033 15 +3
309672 23 -14
428900 7 +29
896633 25 -11
964940 23 -23
755189 24 +13
971928 10 +27
989156 5 -6
571271 16 +15
668255 6 +59
328274 1 -10
230910 2 +14
428642 24 +14
776590 16 -3
869065 9 +37
1219 24 -24
89042 13 +4
411883 13 +11
858977 12 -20
387475 23 -14
458392 28 +60
261592 15 -32
924663 13 +63
212248 13 +52
51256 4 -33
58774 13 -15
437137 1 -21
542712 25 +62
112366 8 -10
840619 18 +17
950212 22 +8
811231 14 +51
700645 29 +65
80057 5 +13
846099 6 -33
480062 6 -8
253486 30 -20
621947 27 -9
90951 30 +9
231768 1 +28
745357 21 -10
443639 14 +21
73874 11 +66
64704 28 -27
192718 28 +25
359685 3 +38
50471 7 +24
903172 13 -31
296968 5 -29
123539 7 +39
770359 20 +48
212171 25 -15
710566 23 +11
190207 2 +14
412396 19 -18
879334 9 -33
198848 15 -11
808076 29 +61
249729 23 +29
668875 27 +67
906133 27 -23
395362 7 +48
980496 10 +66
362181 18 +24
136824 13 +19
634172 23 +52
883342 15 +52
621469 19 +27
470497 22 +7
37730 23 +33
587638 15 +65
832874 18 -23
766132 6 +26
944933 12 +58
433980 3 -20
942342 30 +52
829705 4 +45
179241 5 +13
377771 17 +10
722262 12 -10
368957 20 +28
571861 12 +53
59498 30 -17
542433 20 +16
727224 13 -6
542619 19 -13
351598 17 -9
385713 12 -16
936687 26 +55
286953 29 -32
621737 1 +25
814466 6 -16
809557 4 +35
103859 4 +67
543198 1 +43
297103 14 +61
483391 20 +58
18109 27 -31
490021 15 +8
402326 18 +13
309107 15 +49
281647 4 +66
669173 11 -27
270518 11 +32
997912 6 -19
801684 29 -17
624177 11 +26
811447 15 +35
542733 15 +7
712159 12 -17
41986 25 -11
417522 5 -12
894276 2 +61
48096 28 -23
937768 22 +41
290515 10 +25
648955 19 +1
881037 18 +47
856121 27 +32
543598 25 -11
746771 20 -25
571026 11 +49
863530 4 +24
950193 16 -29
418521 30 -10
328062 29 +58
8624 12 +64
910892 14 +1
602031 8 +21
539357 30 -31
190603 30 +41
832172 22 +18
262062 30 +47
665797 14 +40
797543 20 +12
687914 30 -28
622242 26 +48
741055 11 +39
339448 15 -32
476505 19 -24
380737 22 -21
577776 2 +51
517849 24 +65
578879 28 +61
841664 12 +55
243973 19 +20
109024 30 +13
85772 23 -33
55252 25 +15
389938 6 +20
149779 30 +56
48840 26 -18
207204 3 +32
488399 16 +62
326266 6 -24
655677 8 +2
837397 14 +25
847346 4 +48
629119 13 +52
784745 27 -12
369932 7 +67
58932 13 +59
200267 19 +14
572351 25 +12
324628 14 +29
770993 28 +57
632063 28 +53
13726 8 -2
689741 2 -32
483203 16 +13
386970 7 +44
781776 20 +27
761750 26 +45
844740 2 -6
609624 13 -26
414418 2 +19
535797 18 -20
566434 21 +58
624804 12 -3
249805 7 +53
380432 25 -27
133759 15 +1
591328 14 +51
476696 12 +42
761907 21 +66
805932 2 +35
748093 8 +31
458492 28 +65
268122 21 -33
322453 28 +24
922581 24 +8
438438 7 +18
412602 12 -4
594395 27 -9
556168 7 +51
138900 4 -19
597232 7 -27
595929 6 +66
665068 8 +39
494390 15 -9
567097 25 +24
786510 7 +61
967109 26 +14
870642 11 +61
341850 14 -21
990356 18 -21
263281 16 +11
180070 26 -10
307155 8 +10
785693 24 -1
381839 20 -5
476025 6 +58
718361 2 +18
216526 7 +59
963568 10 +61
205041 22 -33
779580 7 +49
435278 2 +18
114273 4 +24
601040 18 +16
734383 27 +54
953235 29 -23
179680 9 -11
859023 30 +16
585660 5 -18
948461 16 -25
53622 27 +55
531078 29 -17
9461 5 +57
121134 16 +48
909544 22 -18
392730 25 +17
906258 7 +48
933588 17 +22
312657 13 +33
934372 21 -8
305439 20 +14
656435 27 +43
716485 28 +55
760039 8 +41
121846 13 -17
151040 24 +65
839996 16 +22
390722 21 +61
568801 6 -32
770873 5 +41
592663 16 +39
249097 4 +67
481933 1 +54
758324 1 +27
880169 13 +43
31208 29 +40
871203 14 +46
778277 4 +39
347077 2 +41
652171 5 +65
973167 8 +28
885604 7 -25
400300 4 +61
642342 25 -17
854212 21 +4
45477 15 +12
662585 26 +66
364368 17 -7
185034 12 +22
744447 2 +44
610933 14 +62
922790 12 +66
865747 17 +65
151342 3 +6
95896 10 -31
957978 16 +46
872533 16 -19
429818 5 +49
637326 29 +34
815208 28 -21
283391 12 +12
601834 20 +2
52337 9 -1
116834 18 +41
69998 22 +36
275647 20 +14
314044 24 -3
56392 17 +15
280966 26 +40
851194 28 -2
451951 13 -12
572755 9 -27
66504 1 +11
366203 14 +44
114192 12 +41
681035 30 +40
79504 30 +35
565259 17 +46
846224 12 -30
213770 2 +2
182072 14 -25
754826 22 -19
821330 22 -24
703884 27 +53
334427 30 -22
15461 30 +51
611316 21 +18
648906 20 +29
19512 3 +52
348506 19 +21
456647 7 -8
808332 14 +18
274395 23 -2
591416 21 +34
712724 2 +60
105783 7 +20
745092 9 -14
994033 20 -9
129452 17 +56
98226 20 +61
629734 17 +59
769451 30 -11
197386 1 -17
96830 10 +51
284260 2 -27
678853 27 +8
959081 16 -1
633812 23 -17
751951 11 -14
192427 6 +12
169009 17 +45
863767 11 +47
515176 9 -17
977269 2 +14
953928 30 +25
779579 10 -23
502387 24 +10
700963 2 +21
573267 23 +24
106107 7 +50
680692 17 +10
270020 28 -24
166070 25 +52
159588 13 +20
358341 20 -2
475052 2 -23
615503 25 +64
524787 28 -23
745990 24 +44
892213 29 +2
578031 1 +45
433179 2 +64
743459 9 +33
189903 21 -29
902045 3 +64
680496 15 +15
687758 23 +18
399262 6 +56
965171 14 -4
137437 21 +9
108485 8 -9
80027 15 +22
399479 12 -21
98367 17 +34
153959 5 +30
520183 23 +26
492969 25 +35
574704 13 -5
466349 2 +18
773874 16 +54
87034 22 +38
602872 6 +17
107758 11 -6
251409 7 +13
226117 30 +23
390222 30 +58
735126 17 +26
784062 12 +14
766762 5 +64
56988 20 +51
144021 3 -28
263244 1 +22
371001 11 +1
622410 17 +46
848526 8 +54
755099 7 +44
490224 15 +2
850203 21 +16
672476 18 -24
24121 21 +64
413482 28 +37
410585 3 -21
51335 26 -20
115097 17 +42
538433 3 +19
258063 29 +18
825791 25 -8
513886 13 -5
510226 25 +23
967863 23 +43
693635 14 -24
86513 27 +13
658197 12 -2
803514 8 -6
532010 9 -22
556244 21 +41
559902 27 +32
301399 17 +17
532091 2 -7
567797 10 +57
949152 29 +43
820175 24 +7
960463 25 +3
741016 4 -32
784243 15 -23
455022 29 +22
24802 5 -26
983808 26 -28
214946 22 +16
357988 3 +64
469757 19 +15
480087 20 -11
283210 18 +4
479516 29 +20
667749 9 +62
419045 5 -18
475115 23 +37
661749 10 -5
9184 18 +42
543998 25 -20
717700 14 -12
256630 8 -26
247300 25 -17
380609 7 +51
427367 13 +51
952287 1 -6
995262 20 +10
148896 20 +58
198235 4 -7
708075 9 -10
246211 30 +42
761794 27 -29
591352 15 -30
211698 18 +31
847496 23 -4
282988 1 -18
489548 23 -5
8329 25 +43
823139 3 +30
665274 8 +4
892723 13 +14
491592 27 +59
458321 2 +10
559765 15 +59
308145 26 +54
371207 13 +42
167997 12 +41
689981 19 +22
598908 1 +12
903960 27 +37
665488 15 +59
117542 9 +3
484048 1 -26
561361 15 +39
213737 11 +35
868542 17 +42
994414 3 -11
102967 17 -30
343096 3 -23
429386 2 -12
586265 16 +28
59941 13 -32
612209 20 +16
350772 13 +28
487326 11 +64
385718 27 +5
812585 9 -30
290177 24 +37
343175 6 -17
794717 18 +22
826428 28 +38
847383 12 +30
865525 10 +39
855526 23 +62
860799 19 +39
222191 9 +56
794557 4 -9
778597 15 -33
347941 2 -7
617846 8 +10
8625 8 +38
185765 30 -29
266806 23 +49
252147 9 -27
703149 10 -29
349900 21 +14
60940 27 -31
830683 18 +67
794799 6 +59
780032 19 +4
732119 11 -20
753676 5 +45
420996 6 +50
378990 25 +48
462079 21 -4
673938 28 +48
432990 10 -14
35467 21 +21
287896 2 -30
533451 11 +3
83201 4 +21
247221 1 -4
905598 5 +44
407503 25 -16
157519 16 +63
983740 18 +53
624707 9 +42
874976 14 +60
545849 18 +55
952560 13 +58
745660 28 +58
933773 27 +31
219015 15 +28
868191 23 -19
133448 20 +1
717933 25 +40
520603 12 +46
569691 14 -28
728585 4 -28
792082 24 +33
56566 16 +44
737803 29 +17
105822 21 -18
97968 28 -27
576880 21 -28
37340 5 +57
669636 15 +59
390407 22 +50
751471 18 +34
557074 3 +67
857019 9 +32
734506 10 +34
436757 28 +7
869367 6 -26
472544 21 +54
403806 20 +45
130540 22 -20
793804 4 +39
784926 2 +9
649753 11 +34
857197 5 +52
152917 3 +58
470687 25 +14
62224 2 +32
795719 30 -25
320971 18 -20
839560 3 -28
388441 4 -25
53656 28 +53
47437 24 +57
194569 1 +53
518913 11 -31
307328 29 +8
149282 23 -18
142743 13 +53
897294 19 +23
933923 14 -19
438617 4 -26
285431 20 +30
774890 1 +19
431363 19 -14
144573 13 +52
649025 23 +31
381475 8 +12
211290 25 +6
611012 20 +51
500800 26 -27
527545 13 -11
968699 28 -29
641890 19 +61
713222 10 -25
523540 14 -1
742112 17 -24
355976 13 +51
427355 3 +40
268319 17 +4
199838 3 +55
577824 7 -1
307068 12 +50
924875 5 -10
511385 25 +12
744815 28 +52
660428 7 +15
598257 20 -10
191229 15 +45
131144 11 +64
798942 10 +53
128546 4 -25
558572 26 -5
890803 11 -31
416480 6 +55
566964 12 -32
519533 19 +48
406859 12 +56
126769 12 -16
923255 28 -21
890977 3 +21
47086 24 +66
435480 12 -12
541207 16 +44
6158 25 +23
59905 18 +38
709636 9 -30
213814 27 +29
444768 26 +49
313499 30 +55
604678 3 +31
518142 13 -32
148067 7 -1
285168 3 +6
403376 20 +15
981370 22 +19
280318 15 +6
960646 19 -29
653314 22 +39
549552 10 -12
780501 5 +18
661456 26 +59
320960 8 +26
317586 29 +45
574840 8 +20
992849 20 -11
171281 20 +59
744637 17 +21
914302 9 +44
980205 10 +65
760706 6 +15
938513 24 +59
259472 1 +17
93410 21 +46
668249 29 -2
177450 10 -28
348730 29 +64
494748 13 +52
269615 9 +5
519615 19 +10
497936 8 +15
348741 29 +27
295984 20 +50
999097 29 +11
658717 12 +60
30697 27 +9
381736 5 -11
237225 29 +37
852719 26 +3
895837 18 +17
929457 17 +52
55725 8 +45
443983 3 +28
927995 26 -25
77633 30 -8
447906 23 +41
993432 5 -24
47258 27 +53
321316 14 -30
278963 14 +7
384053 10 +16
913641 17 +40
289889 20 -27
321323 18 -33
68648 25 +52
232818 9 +57
991280 30 +40
209117 5 -4
381075 28 +64
776768 9 +27
432163 27 +31
845195 29 -30
364603 28 +11
286372 20 +33
642302 5 -20
91108 6 +50
147136 29 -20
741177 30 +49
77751 17 +23
42280 28 +43
14249 21 +57
955817 26 +51
406358 30 +54
326205 25 -24
159704 30 +30
500840 22 +38
281166 16 +25
526816 7 +2
768695 15 +4
360823 22 -17
65810 11 +32
300412 7 -1
978270 25 +57
872919 16 +61
822033 29 +17
410613 19 +56
387826 8 -28
744953 12 -13
691110 19 +35
156426 17 +57
401317 23 +19
890649 25 -19
953265 15 +51
470119 10 +21
985987 3 -5
912951 13 -16
817128 20 -11
562081 24 +63
769542 4 +30
925967 20 -30
843635 4 -27
734283 28 +41
687548 4 +24
674018 14 -23
917952 22 +16
351316 21 +18
964480 16 -4
411302 1 -24
603167 15 +18
12860 30 +36
704501 17 -31
723754 30 +5
104803 8 +52
255487 10 +21
458902 20 +25
125145 22 -9
681506 22 -29
385493 1 +25
956023 24 -10
978819 24 +50
335018 27 +2
520624 26 +7
364755 2 +9
642095 25 +47
516596 2 -1
974246 17 +45
477049 13 +2
809430 10 -7
566173 23 -33
516818 17 -15
587331 11 +3
137699 30 +27
902204 3 +33
84745 25 +27
359340 17 -26
676643 16 +20
387971 20 +20
457803 28 +50
813792 18 -27
575456 26 -10
239302 22 +21
26182 13 +20
692553 28 -26
343218 30 +20
233662 27 +11
855490 1 +5
333848 3 -25
350239 17 -23
290157 13 +22
625974 28 -24
852862 4 -22
273133 18 +12
956467 5 +65
751266 19 -19
299625 2 -6
150843 30 +36
279165 28 -18
161640 30 -27
124048 24 +30
732563 24 +55
504000 15 +16
542043 21 -1
984390 28 +66
249597 14 +32
906055 3 +8
345809 12 +3
245500 9 +19
993099 15 +58
46408 19 +58
735572 9 +20
152397 17 -30
19833 12 +66
880413 20 +7
426691 16 +3
34586 7 +10
937761 24 +18
991704 15 +17
530262 28 +15
936379 18 -27
500209 12 +45
847727 7 -8
348146 15 +25
274597 15 +38
99898 2 -21
58964 4 +17
967770 14 -24
526215 15 -21
980759 4 -7
42098 11 -29
801575 20 +32
540808 26 +59
247445 3 +56
979879 25 +52
755205 7 +49
306667 7 +12
573022 18 +33
383728 1 +47
984282 7 +58
884136 13 +55
129696 7 -19
972885 20 -12
82452 8 -16
445525 12 +16
975219 6 +20
614578 12 +38
398186 8 +12
263803 29 +39
719485 9 -29
779141 19 +7
411853 23 +54
634182 16 -10
293853 14 +42
222661 22 +18
727904 16 +37
909481 29 +66
310003 3 +3
413590 4 +5
779160 8 -11
871121 20 -19
731569 18 -14
194783 1 +20
801570 8 -29
799375 18 +32
684428 19 -13
211934 17 -33
721262 24 -31
301786 22 +11
820881 16 +23
779180 12 +43
60819 1 +63
344549 25 +45
86901 30 +66
370328 6 +41
156706 26 -33
937604 19 +53
843953 11 +66
273936 17 +51
7709 12 +31
764756 27 +11
840570 4 -20
647002 3 -20
334587 1 -19
197176 4 +9
973781 17 +66
392307 2 +22
878585 11 -27
742617 14 +61
397993 30 +22
656576 5 +29
873134 10 -3
295587 4 -1
635069 8 -15
693150 21 +13
785555 10 -8
80361 14 +51
305853 12 -14
699643 27 +56
79868 21 -1
751057 15 -25
8741 27 +9
430091 29 +48
876006 29 +16
400683 26 +17
407153 12 -29
568474 17 -17
305897 17 +36
496078 27 +30
445657 19 +50
645989 27 +6
378183 1 -2
999160 11 +41
155920 21 -3
183051 3 -21
277726 19 -17
930079 25 +10
532416 16 +6
996024 30 +36
63520 22 -9
649248 13 -21
926137 6 +15
767319 11 +26
468381 1 +45
664391 5 +47
81203 13 -28
20723 5 +51
160651 3 +11
156674 24 +31
736545 16 +7
385793 28 +19
828281 25 +18
595599 5 -25
63979 5 +54
244721 9 -16
842276 21 -11
862998 26 +26
393605 11 +28
859369 6 +2
868853 15 +46
143190 8 -11
121867 9 +22
834871 27 +20
709575 5 -3
124204 9 +30
966479 21 +4
829476 8 +14
739433 10 -26
598801 15 +61
984005 21 -10
127194 29 +14
765412 29 +20
600282 25 -28
826208 22 +55
424620 16 +58
597360 14 +36
239243 1 +64
441120 10 -5
893892 3 +48
286468 26 +53
333189 14 +46
419809 17 +58
432627 12 -10
339403 11 +51
796224 2 +22
912311 2 -19
429635 18 +24
267457 26 -6
472986 27 -15
282808 14 +54
186405 12 -7
26349 4 +54
22545 20 -21
990498 25 +34
809690 19 +10
571621 3 +20
275473 19 +6
267072 29 +62
253148 27 +47
381556 5 +6
119949 13 +11
111872 19 +59
122738 13 +55
752827 20 +4
861051 22 -8
872029 4 +66
899474 3 -11
666274 9 +61
129902 19 +8
700601 17 +15
148485 30 +15
355800 3 -14
709648 20 -25
191713 8 +2
108692 24 +4
289513 14 -17
162838 26 +57
158302 9 -18
543361 12 -17
790999 29 -17
216727 29 +21
490599 8 +20
638961 28 +19
717063 12 +31
715400 20 -27
960015 18 -15
22528 18 -25
694763 5 -24
760144 23 +37
955465 2 -14
694985 5 +14
98653 29 +64
794692 2 +24
905839 28 -15
701272 4 +38
42041 5 +52
832879 3 +32
973258 22 +46
169022 6 -10
124486 7 +10
819471 11 +8
918123 1 +4
229167 3 +13
135005 22 +31
836277 25 +53
394669 29 +38
743899 23 +54
717156 15 +32
362959 10 +54
827025 4 +39
472021 25 +61
325454 13 +36
770626 28 +2
900490 4 +6
516061 9 +34
43398 1 +3
165366 17 +1
793079 14 +9
963245 10 +19
255934 11 -6
591269 7 +16
40693 15 +21
264358 29 +46
495967 9 -13
718992 26 +48
632303 23 +45
411135 8 +63
253254 21 -8
567537 23 -12
523006 10 -27
760498 20 +42
99484 25 -14
974438 26 +44
130878 16 +62
187457 16 +54
13154 6 +56
2638 21 -11
899807 16 -6
421818 27 +31
964332 25 +36
354373 29 +34
580315 18 -32
967609 4 +59
803234 29 +36
987679 27 +44
553357 7 +49
27312 21 +38
607614 19 +45
87341 12 +14
946089 11 -4
956143 9 -32
708771 20 -18
761019 13 -9
893594 2 -24
602464 30 +8
606620 12 +64
54716 12 +27
357887 1 -9
769385 29 +32
373098 28 +20
659328 22 +62
937628 7 -17
791130 23 +2
710622 13 +48
343335 5 +11
876725 1 -18
840296 12 -3
269389 6 +36
63812 12 -29
161732 4 -31
11130 20 +49
999081 28 -24
705899 25 +6
582842 5 -22
465846 18 +14
342590 23 +38
282782 26 -16
830085 24 +25
592112 29 +36
656203 13 -33
968446 24 +49
517687 3 -20
496344 13 -22
181788 15 -29
983964 23 +17
472632 23 +58
803466 2 -10
31183 9 -26
513669 30 -15
536659 2 +40
473251 13 -16
499124 16 +23
551907 9 +19
455431 24 +6
887615 25 -31
740849 18 +53
342801 1 -31
82822 1 +5
746653 21 -28
881752 14 +31
166203 3 -20
127487 1 +4
764684 12 +62
783692 22 -8
800057 6 +59
279624 3 +8
564981 6 +60
971613 15 +34
329605 10 -15
714716 25 +37
815851 28 -10
601455 26 -24
589215 23 +12
791826 30 +55
423780 23 +64
436335 25 -14
334828 28 +19
439075 24 +31
780259 22 -13
872048 13 +55
283804 28 +5
939721 19 +59
887978 23 +26
680482 2 +3
772663 18 -19
52136 27 +17
776100 30 +44
287357 6 -31
701432 6 +28
248625 13 +27
327039 2 +30
102876 5 +2
219974 23 +31
959368 29 +13
104750 13 -26
972527 4 +10
358676 12 +62
344527 4 +18
385342 24 +2
327077 13 +26
917151 25 +65
455062 19 -9
58617 5 +66
317029 20 -16
54829 9 -15
179444 12 +13
127207 28 +40
749299 18 +66
1144 4 +8
630298 23 +36
57862 2 +39
51289 6 -1
66649 16 -33
508273 24 +49
572994 22 -24
517123 29 -29
909146 3 -22
525163 4 +29
168882 6 -29
541736 14 +21
892348 25 +35
580461 10 -26
676246 10 +23
432382 3 +48
324587 25 +41
457610 19 +63
320331 12 +8
271423 23 -31
171766 10 +52
406701 25 -14
819657 14 -15
327783 1 +46
902494 27 +43
602406 27 -25
260898 20 +62
449152 8 +24
862963 8 +54
113184 3 +28
981819 9 +46
953658 30 +46
208054 20 +54
286518 18 -12
756688 5 +34
201566 14 +39
129424 20 -12
113256 16 -9
670183 14 +54
225702 25 +38
304976 13 +56
560534 13 +65
50463 2 -31
183462 25 -14
539991 1 +27
796296 15 -9
417461 16 +16
211720 12 -30
669388 9 +5
594441 1 +6
291007 11 -19
930851 10 +67
920674 22 -19
629187 24 +43
867821 23 -15
55421 29 +33
310745 9 -8
411042 4 +12
805464 13 +51
873324 22 -9
727806 8 +50
350728 9 +1
695747 3 -27
3620 1 +60
560865 19 +32
124169 24 +52
411450 29 +49
35778 15 +42
143114 29 +5
887286 15 -21
10349 27 +37
817278 10 +64
868607 28 +62
731149 22 -19
104719 16 -3
45659 3 +67
833912 4 +16
919642 10 +45
998217 20 +58
771727 2 +44
318261 2 -9
445177 28 -31
599679 15 -25
186086 21 -25
349938 1 +47
475405 22 +5
101557 30 -32
571842 18 +10
297302 10 -23
599751 6 +4
868864 3 +64
316095 15 -8
324875 5 -30
590949 5 +8
634289 24 -4
15759 12 +2
375881 5 +58
126102 17 +52
302201 18 +53
47291 26 +55
765008 5 +18
949350 10 +13
933946 5 +39
587402 25 -14
640867 25 +27
715410 11 +37
373043 23 -32
447677 27 -30
375306 2 +23
154145 19 +65
555920 12 -28
415244 27 -27
693645 8 +20
474449 29 +21
976446 28 +39
33220 19 +49
669232 11 +43
953334 16 -29
973721 21 -24
544044 29 +21
264055 6 -9
2616 22 +36
592174 24 +32
357603 30 -20
889851 21 +26
855910 14 -4
787890 20 +28
545320 26 +61
287005 5 +33
831498 10 +29
709736 14 -18
235783 14 +50
326284 19 +23
947890 24 -24
171649 2 -22
671131 13 -13
161747 23 +29
500186 8 +49
199533 26 +5
86037 17 +2
862898 14 -12
53331 6 +23
621637 3 +7
745107 12 -5
898190 23 -5
573683 25 +26
804805 6 -29
777139 29 +9
927666 27 +41
779163 3 +29
842969 17 +26
932194 12 +9
16749 3 +45
237863 21 +51
920434 19 -9
987016 10 -27
326222 14 -23
693238 28 +16
666086 1 +33
48124 5 -5
670849 3 +16
760347 16 +62
36048 13 +10
856941 18 +25
170913 2 +58
633262 18 +26
947821 10 +47
276336 8 +36
118993 26 -27
191676 6 +49
96772 16 -4
664474 10 +43
497170 23 +43
216494 10 +35
567554 12 -2
932185 30 +60
916775 12 +32
809774 22 +20
388322 8 +64
612787 10 +39
778684 21 +10
212629 29 +36
363169 6 +57
763403 15 +2
651194 16 +55
946975 21 +40
670467 15 +66
147890 19 +39
72481 16 +60
143031 19 -3
407662 4 -20
537222 24 +10
324762 13 +30
289977 19 +32
838863 17 +25
109629 21 -2
768239 19 +17
278865 20 +6
917844 25 +39
320519 27 -32
194917 3 +30
154162 5 +3
346375 19 +17
785077 23 +45
235818 10 +8
717094 13 +36
193794 25 -27
99044 3 +38
209913 6 +33
463779 27 +51
957076 21 +20
984838 9 -20
759694 18 +56
644812 15 -17
919946 7 +1
203585 25 +46
991759 13 -10
438583 16 +34
208298 21 -2
373383 7 +29
76870 29 +4
759122 14 -8
441010 24 -15
479999 11 +49
649714 6 -7
338072 27 +30
105647 10 -12
269731 19 -30
76486 20 -33
960107 21 +51
273815 20 -29
179823 25 -8
381348 26 +3
192062 17 +53
429744 6 +66
330211 8 +38
610557 29 +36
980927 25 +66
56715 27 +4
564186 20 +62
967118 6 -25
738939 22 +50
348134 29 -4
103451 14 +58
133349 15 +53
357774 7 +64
496662 7 +20
58122 27 -3
964386 23 +12
456455 7 +49
358654 15 +19
813262 29 +57
546695 19 +42
516315 21 -9
202120 17 +41
253824 25 +14
42202 27 +27
156548 10 +1
382945 14 +38
314229 28 -9
394156 19 -3
929242 28 +59
99311 13 +53
802061 19 +67
713201 12 -15
295179 11 +62
361853 22 +63
40132 15 +63
310941 6 +59
747346 12 -14
429885 2 -7
809323 3 +36
657303 20 -3
805605 29 +58
390383 20 +58
544987 6 -12
627189 23 -8
133650 18 +24
638845 1 +16
139862 3 +14
576803 29 -3
341027 19 -28
213089 9 -26
772389 9 +31
535239 2 +65
703760 25 +51
531775 20 +39
577838 29 +41
514847 7 +37
725748 5 +50
41120 6 +52
371470 11 -23
129689 10 +19
931437 23 +59
95128 30 +49
817609 6 +9
426763 19 +35
800794 24 +24
463482 13 -30
758471 5 -31
433105 12 +41
433622 4 +10
52992 15 -3
497573 18 +35
540265 20 +62
120507 23 +22
783284 2 +36
155784 19 -20
371658 22 +63
586100 4 +33
971677 27 -12
588838 21 +11
294961 22 +54
303136 21 +27
934805 5 -10
692504 11 +49
829048 11 -17
359860 24 -33
379128 11 +25
918051 16 -25
702376 28 +52
289574 21 -12
51114 27 +2
116685 18 -12
934075 2 -8
598411 5 +49
443653 12 -5
896563 24 +7
790639 21 +34
73009 21 -17
18497 8 +59
60206 29 +32
631758 13 +46
786144 26 -19
569994 12 +57
974515 3 +19
185621 13 -29
470244 23 -15
984167 11 +24
615399 8 -16
950040 21 -20
476117 18 -15
782467 18 +43
164052 4 +38
440357 13 +31
62540 17 -4
206752 11 -31
734745 19 +13
522729 28 -21
433479 25 -23
901398 10 -32
112509 18 -16
389088 15 +4
265897 5 +7
859620 21 +63
620685 2 +3
147501 14 +6
883721 30 +2
758611 12 +30
562810 24 +9
852974 6 +6
680303 15 +66
105002 21 +5
242476 20 +1
911573 8 -28
165933 25 +57
12774 13 +9
154070 8 +29
27359 22 -10
649512 15 +1
119575 16 +26
903940 6 -20
995075 4 -19
691797 9 +10
158159 4 +34
834516 15 +18
299760 6 +43
276994 9 +12
500963 5 -31
494395 20 -20
207119 18 +56
540534 23 +47
123500 30 +21
861455 22 -31
20295 10 +28
459641 30 +43
800175 15 +54
222103 10 +47
609143 4 +10
719907 18 +56
633556 28 +26
203064 17 +60
657788 23 +11
70027 5 +17
714960 5 +11
504159 22 +51
119908 20 +26
91333 19 -21
88854 3 +22
623477 23 +29
861066 12 -17
404843 6 -2
191452 19 +39
699614 8 +65
653830 11 +25
179554 17 -18
660357 25 -10
879646 9 -26
630766 23 -21
414681 26 +56
242135 23 -27
803896 6 +16
673201 7 +67
489901 17 +32
599098 4 +61
53791 21 +66
797267 24 +22
146053 3 +19
322251 27 +37
451355 18 -32
736921 14 +3
328855 12 -2
946572 14 +51
247861 18 +52
302747 22 +49
826190 20 -10
838700 27 +9
460186 30 +61
298330 19 +63
441987 10 +18
30984 26 +38
926387 9 -9
49390 2 +63
75093 16 +23
219461 20 +21
652674 15 +10
37933 27 +62
584651 10 -2
656121 26 -21
399459 28 +18
262051 28 +1
969678 24 +39
326236 21 -20
37629 19 -28
77407 2 -16
44666 27 +10
542252 1 -6
334728 14 +45
600850 16 +65
146515 19 -25
972134 24 -23
781923 16 +55
904736 11 +42
803496 8 -31
726064 26 +28
491538 30 -8
409754 27 +45
352116 5 +24
778809 14 -28
20866 14 +39
520274 14 -29
340720 1 -7
892237 27 -20
740567 20 -24
477154 30 -9
837811 18 +29
475211 27 -19
943637 15 -4
827741 1 +57
816347 22 -26
792560 9 -1
534784 25 +19
529046 19 +55
101583 10 +21
806374 16 +27
720825 18 +37
405954 24 +47
887660 6 +36
49727 27 +28
943947 14 -27
265890 29 +34
471338 12 -32
858565 10 +14
332305 15 -5
212406 6 -32
224931 16 -7
861418 27 +47
564324 15 +59
653059 28 +37
455487 4 -18
959771 2 +24
751591 13 +14
138962 22 -23
530473 10 +34
150338 4 +39
24765 2 -32
442510 13 +39
427839 26 +14
408035 25 -29
727192 2 +58
201656 9 -21
656689 15 +22
594372 7 -17
92805 3 +56
704514 4 +45
784929 17 +10
22170 30 -30
854895 6 +9
654410 2 +44
986795 15 -14
828698 19 +42
413306 14 +31
761012 10 +54
214028 30 +58
137362 30 +23
227067 14 +52
224426 19 -28
990855 13 +67
607031 1 +29
242362 10 -26
352336 7 -29
413075 22 -23
692520 30 +41
813281 30 +21
305830 7 -19
869561 3 +49
12886 11 -27
694667 20 -21
826389 11 +10
332439 30 +24
456360 5 +59
883456 17 -16
303119 20 +4
793368 13 -17
963359 20 +66
517606 13 -23
273740 1 +16
737580 13 -19
764020 26 -31
40172 2 +60
552832 15 -30
647048 25 +27
219774 13 +45
548373 12 +65
879578 12 +23
834397 4 +28
156249 2 +20
69559 16 -2
81533 20 -31
766498 14 -7
915871 8 -24
881988 29 +24
594274 16 -4
228896 5 +21
631839 11 +50
592580 23 -3
529736 15 -3
423487 27 +56
1205 9 -12
572924 17 +38
20140 6 +61
766507 2 +48
728185 13 -28
208292 29 -33
197 1 +59
67257 2 -11
443429 12 +25
918806 3 +12
198262 16 -33
594872 8 -10
148809 11 -19
445606 23 -13
99608 8 -29
879642 1 +16
817730 12 +12
826153 14 +20
739306 4 -1
713437 28 +5
367161 18 +18
265658 23 -11
175426 28 +50
528686 30 +55
240131 7 +14
871328 25 +56
200230 21 +37
825971 13 -12
890187 15 -7
406260 13 -18
314029 23 -6
614698 17 +53
397542 19 +30
166349 19 +15
236681 25 -4
304017 5 +25
93001 17 +6
120181 30 +29
969165 9 +15
567029 24 +26
348931 23 +6
545836 30 +3
236262 22 +44
601723 2 +45
571471 21 +25
277817 20 +41
600404 29 -8
356960 20 +25
406341 29 -12
455149 7 -32
249524 25 +52
156627 2 -14
958466 28 -1
830468 25 +22
817669 14 +44
676551 9 +13
762091 26 +16
790869 3 +27
621560 26 +67
627998 20 +16
249146 4 -10
799032 15 +17
892353 17 +35
926650 14 +54
100977 30 -27
135660 15 +24
367421 25 +14
372906 16 +34
305001 18 -8
132868 8 +42
423537 1 -14
558642 21 +18
567666 20 -31
203223 6 -29
99738 2 +48
795977 28 +59
118814 7 -22
668650 25 -16
802446 21 -16
959245 27 +4
561492 7 +41
375062 27 -19
72934 22 +48
129925 26 +22
860150 18 +59
630333 11 -14
600673 23 +52
533259 2 +2
768015 11 -2
893797 7 +43
54954 2 +34
