100
22
2
28
26
38
13
42
34
35
41
79
56
52
44
19
3
11
9
39
73
59
97
81
67
29
55
66
37
61
48
54
53
77
80
14
95
71
50
47
21
72
31
25
94
5
100
63
30
40
33
62
74
90
27
91
86
23
20
4
57
49
87
84
68
12
89
88
78
18
17
70
24
46
99
65
82
93
98
36
1
58
85
32
76
96
7
10
6
83
75
43
69
15
60
16
51
8
64
92
45
22
2
28
26
38
13
42
34
35
41
79
56
52
44
19
3
11
9
39
73
59
97
81
67
29
55
66
37
61
48
54
53
77
80
14
95
71
50
47
21
72
31
25
94
5
100
63
30
40
33
62
74
90
27
91
86
23
20
4
57
49
87
84
68
12
89
88
78
18
17
70
24
46
99
65
82
93
98
36
1
58
85
32
76
96
7
10
6
83
75
43
69
15
60
16
51
8
64
92
45
