1000 200
36 31
63 23
85 78
121 185
93 185
2 111
113 65
88 122
81 4
133 127
193 181
31 180
106 180
129 161
86 71
44 135
48 80
43 76
89 123
63 80
144 18
195 47
76 68
52 16
180 29
140 136
136 185
199 44
97 59
118 51
142 86
186 42
12 67
79 122
195 91
9 85
97 76
128 46
173 165
87 97
181 127
99 56
129 140
158 17
183 43
122 186
34 162
196 56
60 18
69 130
97 109
198 12
26 57
20 176
31 12
34 56
154 89
121 59
96 40
100 111
143 46
182 95
197 188
182 162
156 197
187 37
165 13
166 163
63 55
132 71
24 68
181 20
134 92
13 146
149 81
184 6
178 33
8 147
40 115
59 36
28 96
199 121
173 140
10 144
140 71
159 122
137 98
89 105
164 194
15 124
57 45
9 68
45 39
155 121
50 4
190 52
147 129
142 186
20 143
163 150
147 129
163 175
42 53
190 23
93 175
108 6
95 194
197 8
11 28
161 128
189 2
124 128
119 89
102 168
121 61
185 139
20 150
48 125
56 164
165 195
1 188
153 41
196 29
79 157
148 156
183 45
117 58
42 67
15 118
90 182
33 72
192 24
135 148
59 100
144 159
88 162
135 82
139 51
112 58
191 192
99 185
10 11
150 139
73 178
57 133
25 6
50 54
184 179
127 78
157 90
200 23
182 161
73 16
24 20
144 130
188 59
57 96
200 93
46 165
151 195
78 180
4 58
105 19
106 102
105 187
171 6
63 193
198 115
126 55
197 26
1 138
95 84
114 183
123 10
61 102
189 36
150 57
105 63
5 52
12 42
108 144
22 79
194 83
106 174
88 176
32 136
12 79
25 148
193 136
58 110
79 111
190 79
155 107
108 61
67 180
139 198
56 159
161 178
139 167
13 179
20 191
125 83
174 161
94 120
34 77
185 48
182 186
44 198
87 52
94 81
6 152
102 158
189 143
102 96
188 115
188 157
51 101
86 144
165 99
111 16
169 136
2 152
119 58
153 196
37 187
91 27
169 161
60 17
84 97
101 24
193 140
110 92
5 186
86 55
15 148
142 141
170 189
68 63
197 148
72 196
131 12
31 108
120 94
97 125
14 174
125 43
13 43
107 176
192 91
156 146
91 71
16 92
179 173
140 79
148 75
134 66
140 91
57 177
18 79
17 190
168 17
56 97
127 33
125 103
22 94
68 64
61 45
22 151
50 38
13 147
8 6
180 195
140 188
37 60
9 148
88 26
79 82
197 22
175 189
16 137
39 199
148 175
43 72
40 131
113 164
11 125
66 128
81 123
155 190
31 101
130 181
193 105
157 188
198 149
64 119
84 11
2 109
132 183
27 46
18 139
2 179
77 141
149 137
179 78
76 185
73 148
74 94
23 104
132 167
114 162
179 173
84 111
11 141
135 86
160 9
49 109
33 27
91 21
30 131
147 111
104 47
82 20
85 61
73 152
19 24
110 146
77 154
60 186
122 41
178 122
157 8
151 13
81 110
31 32
49 136
57 111
167 60
121 19
92 25
65 154
24 39
36 32
104 192
167 113
27 155
97 168
13 109
69 30
43 112
82 2
14 159
199 192
50 187
197 38
80 159
151 78
96 176
77 79
138 148
10 111
123 45
154 167
2 20
48 24
30 173
39 74
88 157
28 156
4 67
192 165
134 127
129 138
147 143
1 111
82 89
79 163
194 77
37 120
8 164
170 46
51 44
113 19
191 143
165 164
149 182
161 169
161 55
8 54
126 59
157 47
62 166
102 95
74 113
32 192
51 131
113 66
185 131
143 102
173 45
35 177
94 196
72 21
24 131
173 189
126 114
199 88
161 34
111 47
131 33
21 139
83 196
167 52
182 136
123 4
58 47
86 115
103 33
143 46
143 159
144 106
52 143
143 56
94 111
98 74
92 162
156 139
104 127
185 10
88 48
49 108
85 64
99 85
57 127
108 166
129 200
138 188
2 158
42 135
162 186
45 113
131 170
72 57
170 88
106 172
78 34
137 59
37 197
24 128
51 71
174 73
23 120
3 72
27 190
49 100
2 110
108 58
101 160
199 16
136 147
73 34
4 35
110 40
38 80
154 48
139 7
54 21
75 142
105 155
101 198
67 89
194 129
178 16
173 162
82 94
164 12
113 14
195 61
127 69
60 82
53 126
133 89
148 184
127 122
95 26
161 54
43 86
199 153
78 50
180 63
111 142
16 179
107 39
99 97
93 57
99 22
62 162
24 71
13 75
73 137
41 85
75 157
138 74
61 187
140 2
179 1
188 58
47 53
112 168
198 169
49 185
135 6
197 44
48 45
133 5
174 8
74 15
75 180
63 70
174 142
25 119
3 82
79 57
86 40
13 93
11 184
35 102
71 16
4 72
113 21
157 147
154 104
80 197
148 67
136 67
91 141
192 185
178 175
119 79
43 118
129 188
198 136
61 17
85 193
48 36
44 87
66 89
57 180
88 4
19 56
76 108
174 26
181 108
110 105
173 162
127 158
107 72
10 123
15 124
170 47
113 51
27 36
82 172
177 195
105 63
169 103
183 74
14 91
179 163
6 148
10 174
62 84
74 24
99 169
120 88
107 178
23 33
41 154
113 140
31 149
73 194
26 196
83 197
164 176
17 53
67 51
69 121
53 186
80 40
116 194
61 155
107 90
17 195
84 101
75 194
105 27
22 193
5 143
120 169
146 99
198 125
17 112
60 129
124 52
190 1
198 73
54 157
41 91
69 99
38 165
66 91
73 24
87 190
151 78
193 137
130 107
149 193
12 16
84 169
160 107
27 85
130 188
158 33
29 34
88 3
166 151
164 84
149 8
5 160
196 134
149 85
184 194
63 144
118 117
91 107
197 22
44 189
165 101
126 65
46 154
29 65
173 1
84 6
196 135
85 91
84 138
142 23
35 198
15 48
186 90
154 69
174 130
5 83
113 42
62 119
48 199
163 193
93 32
190 3
117 62
31 113
3 36
122 95
189 44
137 73
132 59
177 28
71 53
72 18
158 2
20 61
131 133
19 79
188 15
141 136
35 22
97 124
105 77
36 148
122 73
164 35
128 90
170 53
158 29
168 13
52 76
42 91
181 71
65 5
96 97
128 123
78 113
102 156
165 79
66 136
187 101
148 120
71 121
44 193
122 4
149 55
3 126
86 114
105 26
62 133
64 105
1 41
81 200
146 46
27 185
32 158
88 26
166 185
91 14
121 2
42 135
30 40
151 71
34 20
49 148
106 122
197 5
188 62
142 192
39 195
166 10
11 133
176 152
156 91
6 107
76 37
33 68
34 75
181 11
86 130
167 117
57 47
118 6
30 129
109 13
3 19
8 77
52 59
62 18
63 91
193 116
66 28
144 156
140 167
18 185
200 94
58 194
15 138
13 36
135 132
157 159
76 187
183 65
189 27
173 5
136 2
8 1
115 131
34 5
93 169
177 106
70 115
14 108
11 31
161 40
42 25
138 152
165 50
128 146
125 78
129 126
38 101
66 153
189 150
21 197
195 101
9 61
144 39
138 181
64 107
164 179
50 94
178 70
144 172
159 123
81 79
100 191
83 131
171 53
51 169
34 64
176 142
177 140
199 114
84 99
146 66
152 149
134 165
194 93
77 103
137 191
164 111
152 27
118 25
144 46
106 57
22 68
88 32
91 198
69 140
93 154
26 53
136 84
27 44
194 121
160 144
51 72
64 176
56 109
52 88
74 67
127 82
60 40
30 102
3 77
134 191
61 37
74 178
6 22
192 195
181 14
122 35
102 69
139 127
37 15
157 33
10 77
59 131
105 130
138 4
49 113
75 154
65 196
174 103
160 62
49 1
40 33
171 54
147 149
173 81
149 73
183 143
193 62
98 74
71 88
115 44
76 121
38 196
157 187
148 119
99 125
186 44
77 80
40 157
18 2
182 119
170 51
1 39
92 70
200 115
146 172
155 68
149 34
105 83
160 108
5 98
149 156
77 128
199 40
35 28
86 151
187 52
69 49
184 17
149 183
43 151
129 1
46 121
167 39
183 113
57 4
8 181
96 156
89 121
111 155
188 55
26 57
152 139
32 128
104 45
15 180
188 191
109 98
43 94
179 76
91 137
25 165
53 163
181 138
6 55
121 179
122 141
196 127
98 184
181 186
195 180
168 46
58 190
131 45
120 24
175 55
90 193
160 22
4 167
195 88
152 134
149 198
177 37
89 86
39 193
134 191
54 187
137 5
54 74
194 125
171 90
25 77
132 165
56 41
79 197
108 7
177 67
14 46
190 121
12 46
169 111
108 107
121 105
142 54
190 129
126 65
81 168
150 49
167 140
85 163
53 98
113 153
21 48
164 98
106 15
62 12
197 5
140 151
144 26
141 102
128 145
165 78
188 59
170 181
98 111
62 30
91 5
72 8
189 169
146 198
89 151
139 87
91 9
41 36
171 114
56 15
47 172
45 92
175 94
149 124
120 133
48 66
22 139
68 161
16 10
140 96
183 130
72 113
63 126
69 135
179 31
