61
63 -64 -89
010010000100000111011011110100101110111101100000111111111100101
20 51 -88
10110011100101000000
2 39 72
10
24 68 -80
001101001000100010001101
62 27 -85
10010000001011101100101010010100011111010001110010110100001101
4 -67 88
1001
34 -48 -38
0100011011100100110101000100100001
10 -3 9
0010111110
85 -28 -72
0000101111011111101010111100001011110001010111110010100110101101101100000111000100110
12 -88 14
101111010100
41 -6 -68
10000000101000100110011111101100000110101
36 94 94
011101010111111101010001101001100100
5 -81 -86
00110
6 94 -26
100110
8 60 68
11010010
26 33 93
01101111000011111111100000
62 -37 -45
10110000100000101111011110001111100011000010111001100010111111
69 -10 -95
011111111011110001100000010000110010100000010001010111110000110101101
28 -61 29
0110010001000111100001100000
49 3 3
0001101000111001100100011111001001111011011000100
27 -63 -13
011111000100001011000110101
50 -45 75
01111010001010100110001001110110001010111111010110
44 87 -81
01110101101000011110101101010100011100111111
88 20 -41
1010111000101110110011100011111000000101011001110101001110111101010010001000111010010111
19 95 78
0001010101110100010
12 57 -80
010111001111
25 -56 -70
1010101011010010100110000
52 12 82
0000011100011111010101110101110111001010011110101001
89 -49 30
11000100111011000110111100100000101011111010011111101111111100100010101000100001001011010
46 28 31
0101001001111111011000111110001111011000111110
61 43 23
0111101110011011101010110111111011001111011011010010000010101
1 -45 -51
0
87 6 -88
000001110110110010101001000101001100000111010101001111001110111011001000000010110100110
78 -16 -93
011100001110011111110111000100000010011101001010000011001101011011100101111100
49 -95 83
1010110110111011100011101101111110000111001110110
4 -88 -26
1011
88 -95 -51
1000101011011011100101100101001100001111101110110000110000001100010001000011011110011111
53 -53 -90
10000010100011100010100010010111001001100001101000010
1 -76 -87
1
98 -12 2
00010111111100000111001100000000101110100100011010110010000110100001101110010100011110101011011011
3 -65 93
111
71 36 59
10111010010100000111000101011101001001110101001100101110000000101110000
41 13 83
10001111101000100110111101011011001010000
96 61 26
011101000001101101010000000100110011100101011110111010101100001011111111111000000010001111111001
74 93 24
01000010110111010111011010101011111111111101111011110100011100100111000100
81 -81 -96
000000000011110101011100101100000001101100100101010100011101100101000101110100111
59 99 55
01011100000110010110001100011100100000000110111000000111100
16 44 -93
1001101110100000
57 38 71
000110001101010011101101101000010101011001000011011000100
70 8 -83
0111100011010011100001010001001000000101001111101111101100000111001011
32 97 -66
01110011001001001111101001001110
41 31 -3
00111101011111110000011110100010110011101
72 78 67
010111100110111111100110011110101001111010100010001100001101111110100111
37 -6 92
0111111101101001000000010101000101011
3 -3 -22
100
86 93 16
11000101101110101111010100100100100100100100001010011111101010000110110111111100110111
5 31 3
11000
3 17 -50
111
46 -97 35
0011101001010000001011000001000001111001101110
2 89 -11
01
62 -91 42
11010110100001110010000110001100011110101011100000010101101011
