0 1 -1 29
1 1 -1 28
2 1 -1 27
3 1 -1 26
4 1 -1 25
5 1 -1 24
6 1 -1 23
7 1 -1 22
8 1 -1 21
9 1 -1 20
10 1 -1 19
11 1 -1 18
12 1 -1 17
13 1 -1 16
14 1 -1 15
15 1 -1 14
16 1 -1 13
17 1 -1 12
18 1 -1 11
19 1 -1 10
20 1 -1 9
21 1 -1 8
22 1 -1 7
23 1 -1 6
24 1 -1 5
25 1 -1 4
26 1 31 3
26
31 1 -1 2
32 0 33 1
32
33 0 34 0
33
11
0 1 -1 29
1 1 -1 28
2 1 -1 27
3 1 -1 26
4 1 -1 25
5 1 -1 24
6 1 -1 23
7 1 -1 22
8 1 -1 21
9 1 -1 20
10 1 -1 19
11 1 -1 18
12 1 -1 17
13 1 -1 16
14 1 -1 15
15 1 -1 14
16 1 -1 13
17 1 -1 12
18 1 -1 11
19 1 -1 10
20 1 -1 9
21 1 -1 8
22 1 -1 7
23 1 -1 6
24 1 -1 5
25 1 -1 4
26 1 31 3
26
31 1 -1 2
32 0 33 1
32
33 0 34 0
10
0 1 -1 29
1 1 -1 28
2 1 -1 27
3 1 -1 26
4 1 -1 25
5 1 -1 24
6 1 -1 23
7 1 -1 22
8 1 -1 21
9 1 -1 20
10 1 -1 19
11 1 -1 18
12 1 -1 17
13 1 -1 16
14 1 -1 15
15 1 -1 14
16 1 -1 13
17 1 -1 12
18 1 -1 11
19 1 -1 10
20 1 -1 9
21 1 -1 8
22 1 -1 7
23 1 -1 6
24 1 -1 5
25 1 -1 4
26 0 27 3
26
27 1 38 2
27
38 1 39 1
38
39 1 -1 0
14
0 1 -1 29
1 1 -1 28
2 1 -1 27
3 1 -1 26
4 1 -1 25
5 1 -1 24
6 1 -1 23
7 1 -1 22
8 1 -1 21
9 1 -1 20
10 1 -1 19
11 1 -1 18
12 1 -1 17
13 1 -1 16
14 1 -1 15
15 1 -1 14
16 1 -1 13
17 1 -1 12
18 1 -1 11
19 1 -1 10
20 1 -1 9
21 1 -1 8
22 1 -1 7
23 1 -1 6
24 1 -1 5
25 1 -1 4
26 0 27 3
26
27 1 38 2
27
38 0 -1 1
39 0 40 0
39
13
