759
759
758
758
757
757
756
756
755
755
754
754
753
753
752
752
751
751
750
750
749
749
748
748
747
747
746
746
745
745
744
744
743
743
742
742
741
741
740
740
739
739
738
738
737
737
736
736
735
735
734
734
733
733
732
732
731
731
730
730
729
729
728
728
727
727
726
726
725
725
724
724
723
723
722
722
721
721
720
720
719
719
718
718
717
717
716
716
715
715
714
714
713
713
712
712
711
711
710
710
709
709
708
708
707
707
706
706
705
705
704
704
703
703
702
702
701
701
700
700
699
699
698
698
697
697
696
696
695
695
694
694
693
693
692
692
691
691
690
690
689
689
688
688
687
687
686
686
685
685
684
684
683
683
682
682
681
681
680
680
679
679
678
678
677
677
676
676
675
675
674
674
673
673
672
672
671
671
670
670
669
669
668
668
667
667
666
666
665
665
664
664
663
663
662
662
661
661
660
660
659
659
658
658
657
657
656
656
655
655
654
654
653
653
652
652
651
651
650
650
649
649
648
648
647
647
646
646
645
645
644
644
643
643
642
642
641
641
640
640
639
639
638
638
637
637
636
636
635
635
634
634
633
633
632
632
631
631
630
630
629
629
628
628
627
627
626
626
625
625
624
624
623
623
622
621
621
620
619
619
618
617
617
616
615
615
614
613
613
612
611
611
610
609
609
608
607
607
606
605
605
604
603
603
602
601
601
600
599
599
598
597
597
596
595
595
594
593
593
592
591
591
590
589
589
588
587
587
586
585
585
584
583
583
582
581
581
580
579
579
578
577
577
576
575
575
574
573
573
572
571
571
570
569
569
568
567
567
566
565
565
564
563
563
562
561
561
560
559
559
558
557
557
556
555
555
554
553
553
552
551
551
550
549
549
548
547
547
546
545
545
544
543
543
542
541
541
540
539
539
538
537
537
536
535
535
534
533
533
532
531
531
530
529
529
528
527
527
526
525
525
524
523
523
522
521
521
520
519
519
518
517
517
516
515
515
514
513
513
512
511
511
510
509
509
508
507
507
506
505
505
504
503
503
502
501
501
500
499
499
498
497
497
496
495
495
494
493
493
492
491
491
490
489
489
488
487
487
486
485
485
484
483
483
482
481
481
480
479
479
478
477
477
476
475
475
474
473
473
472
471
471
470
469
469
468
467
467
466
465
465
464
463
463
462
461
461
460
459
459
458
457
457
456
455
455
454
453
453
452
451
451
450
449
449
448
447
446
446
445
444
443
443
442
441
440
440
439
438
437
437
436
435
434
434
433
432
431
431
430
429
428
428
427
426
425
425
424
423
422
422
421
420
419
419
418
417
416
416
415
414
413
413
412
411
410
410
409
408
407
407
406
405
404
404
403
402
401
401
400
399
398
398
397
396
395
394
393
392
391
390
389
388
387
386
385
384
383
382
381
380
379
378
377
376
375
374
373
372
371
370
369
368
367
366
365
364
363
362
361
360
359
358
357
356
355
354
353
352
351
350
349
348
347
346
345
344
343
342
341
340
339
338
337
336
335
334
333
332
331
330
329
328
327
326
325
324
323
322
321
320
319
318
317
316
315
314
313
312
311
310
309
308
307
306
305
304
303
302
301
300
299
298
297
296
295
294
293
292
291
290
289
288
287
286
285
284
283
282
281
280
279
278
277
276
275
274
273
272
271
270
269
268
267
266
265
264
263
262
261
260
259
258
257
256
255
254
253
252
251
250
249
248
247
246
245
244
243
242
241
240
239
238
237
236
235
234
233
232
231
230
229
228
227
226
225
224
223
222
221
220
219
218
217
216
215
214
213
212
211
210
209
208
207
206
205
204
203
202
201
200
199
198
197
196
195
194
193
192
191
190
189
188
187
186
185
184
183
182
181
180
179
178
177
176
175
174
173
172
171
170
169
168
167
166
165
164
163
162
161
160
159
158
157
156
155
154
153
152
151
150
149
148
147
146
145
144
143
142
141
140
139
138
137
136
135
134
133
132
131
130
129
128
127
126
125
124
123
122
121
120
119
118
117
116
115
114
113
112
111
110
109
108
107
106
105
104
103
102
101
100
99
98
97
96
95
94
93
92
91
90
89
88
87
86
85
84
83
82
81
80
79
78
77
76
75
74
73
72
71
70
69
68
67
66
65
64
63
62
61
60
59
58
57
56
55
54
53
52
51
50
49
48
47
46
45
44
43
42
41
40
39
38
37
36
35
34
33
32
31
30
29
28
27
26
25
24
23
22
21
20
19
18
17
16
15
14
13
12
11
10
9
8
7
6
5
4
3
2
0
