2000 853 462
539158
482134
577677
572287
566545
551591
501409
577597
491401
558846
553696
567088
573430
528736
541317
540842
540084
519101
493188
553373
497721
513473
507107
482500
490115
571225
525399
536324
519384
501240
539008
532422
547985
541132
534043
543941
557806
501249
488580
558915
512067
553866
488191
570880
542157
544192
538210
574212
510353
579724
498552
560071
575948
524134
550508
565918
561701
544707
493688
498941
539633
515903
540277
531929
509201
570167
576523
516631
483885
521444
487765
529135
501501
554769
565132
569785
576668
540205
573855
500837
554356
501852
489098
557891
497390
498053
497768
539301
483221
482736
555845
530922
520241
580078
578548
519632
492442
512750
518221
547513
558283
575524
511552
488635
500279
539533
499661
573392
554546
493032
514364
571522
494206
559557
482288
555867
515131
490571
492165
543429
540887
554855
497915
535493
523019
568452
490620
526305
570298
523302
514851
560864
523367
556724
489570
521008
482300
561298
546675
557028
556881
521841
511087
543423
514197
565394
551017
535083
577267
508956
500312
529833
506035
541017
548523
485725
497065
528549
500035
515239
575556
540874
482806
486824
558352
531562
533267
516167
577349
502824
547482
538410
542006
539256
543361
543719
513686
488477
561005
484540
576592
498041
512205
506021
573109
541530
516145
562028
566303
508487
577478
536188
482539
574938
518959
499597
537358
526972
580704
485179
539497
486453
524165
546911
530499
566114
544086
522076
529755
568141
506880
522747
558861
543165
502995
509546
548900
554226
529805
521706
492707
526493
532997
533827
486244
573131
503454
572169
550394
577932
565894
535142
493893
535893
555532
531461
511107
517741
578666
503186
579262
558733
491451
573383
539382
542043
515522
571404
539682
578070
565661
505371
547816
540526
519905
507245
541102
547620
556587
572591
481493
534197
511439
549273
543470
521938
563974
508577
532427
563798
568568
518812
552951
522214
547545
563835
510598
484755
528906
557078
528982
513871
548818
498614
563003
500589
484320
524996
560519
531895
537824
539381
532833
511595
511568
497540
497487
539951
554650
544568
499777
528283
487786
557694
502126
523409
567466
525423
541383
528251
513637
577269
495106
504419
515549
489103
561487
543030
500713
526073
529877
491836
578499
493341
483143
528301
495555
555733
502698
515503
490304
553838
566163
561231
547999
532417
551106
502473
580434
537348
555607
551265
578668
545716
535708
555191
559598
515837
512575
556281
571758
493527
527893
505509
533334
524716
503525
564977
496189
516869
505287
495111
538241
549040
570404
517165
546563
486561
559425
495921
507426
548052
520224
579416
482621
578391
578057
545395
484697
508693
530184
561380
540657
572906
526295
494728
517636
498419
536602
575571
528364
564455
535976
532716
575445
490561
579240
507515
501820
489773
542197
559591
512570
521208
483445
563732
522092
563323
580093
505634
513053
513180
486312
523425
508579
504103
486326
499091
493266
521870
531195
562785
571933
538132
503403
495261
542468
545007
514447
567681
572375
521949
496907
531477
564796
539791
506848
531272
560623
545604
509257
492520
565655
567649
563297
559177
571030
487970
543511
561080
552388
565115
570358
576827
493048
488447
578250
518337
527731
575691
494943
577081
498283
511982
565564
487351
547822
482934
506664
546176
530451
544209
552741
559861
545139
574334
512779
501164
508274
554766
492528
501884
566537
551371
574807
496867
490632
563784
575860
565802
566534
548834
560627
568665
506832
569145
520472
560253
567456
497749
521074
530289
575678
550213
563537
528517
580270
550970
567138
494977
541028
527824
553038
568209
561479
492294
486766
502645
542693
577006
565953
557245
565332
502924
562567
514335
532704
519407
545916
561802
509804
558316
547808
501353
528031
579166
496147
498055
573604
520238
493989
499601
572196
547374
566287
497725
532400
526464
527371
508756
493074
523191
491048
532563
506901
498639
527747
511645
495070
488898
571757
529723
481943
500871
527466
563753
490816
513197
520830
577110
571323
527262
501050
547692
492440
481642
488814
483158
546702
501695
534554
548482
533265
538450
517843
493895
532111
528504
560744
521978
552096
527811
510786
494868
481746
495711
497518
567027
535290
574162
535989
539610
513729
491677
494741
483200
553024
530939
488155
548558
547031
493259
483519
553581
519416
531109
576402
569643
579804
490625
524257
515771
517394
563169
507820
511746
543937
548861
515476
567771
557355
525408
541001
521994
523811
524958
576618
526658
519435
518603
528130
527476
559480
482404
513961
533772
494712
498175
548156
529751
534897
561653
531238
502980
542008
526927
524964
495552
504590
502080
486828
540311
505858
528803
495259
533814
525925
560119
543848
493823
550165
516862
540648
580579
575224
495562
494173
560483
535826
540822
530589
560098
491804
496678
573806
573001
494670
532998
513870
495297
577184
518218
564354
511233
572055
555599
543979
487017
546917
528855
573375
523689
534645
549215
505198
542608
559772
572030
553795
503704
570848
530634
532925
529136
577049
505862
510904
493788
535938
549795
505940
537203
501378
508368
578398
528297
523595
494261
513783
546504
539006
534216
484878
528201
512070
545599
576144
512572
519643
484371
545549
533598
563472
539808
577697
555851
545095
566026
536242
489512
532385
491328
563850
561456
496185
516067
558885
545851
507208
555782
553927
541466
515733
519831
561190
577501
539948
497640
528254
555635
567860
563656
489069
491671
550949
555306
526601
509303
577659
487320
506438
525723
518514
498720
492765
571941
543948
522842
552478
482100
529086
500737
567499
517303
485044
486365
518570
565883
498500
553700
574940
560074
573611
579780
522785
530418
487093
539756
482435
511766
543659
515142
545306
523566
578985
550659
538762
497063
510080
540083
487219
535654
537526
500513
580205
559644
509511
525912
561195
521976
557678
501223
497107
530684
482853
481455
506877
481065
579698
490325
565692
521261
529894
526024
490407
499585
512372
508166
569509
504326
531007
482122
512549
508975
580034
558483
511447
498110
524704
559963
495645
532715
512115
503952
500723
576284
523172
483481
498396
488274
567617
555370
491473
574324
498546
508063
551426
500479
552551
538529
512840
519308
560034
498069
497222
539486
553354
571863
508426
536253
580206
543703
515238
567935
548030
490363
492289
546207
523222
485728
551465
521822
573154
560309
511912
521346
520301
492036
547146
576742
507985
543066
538044
535749
510558
507354
509379
542579
539816
580606
577111
568492
569169
537441
540517
564433
524361
485574
535635
508773
533889
542313
561275
518405
543512
521745
562992
498965
513271
526392
552659
515843
522924
522050
530061
513321
568415
527339
579763
534946
569739
520412
513069
519630
561985
539814
564299
483207
525267
540915
502235
521157
553724
547150
571651
570811
538779
533410
559566
539833
522704
501271
580350
539574
492651
485923
501008
514541
517608
496685
499248
527366
496370
554032
489441
541766
515183
540742
528835
531645
509801
496037
504100
481629
485942
555382
544866
501168
544069
567229
542473
568360
574571
557780
520811
529658
486160
575013
580362
504660
563062
514717
561747
541805
528754
498049
578335
560004
532302
515932
537469
482171
580139
548408
559172
509144
493382
575822
525343
516225
551497
496025
554981
579508
522264
526164
535622
576800
507002
553788
506306
526308
508138
531301
505293
549358
508019
482083
572204
531426
492788
483909
565635
537720
496442
549596
523234
491758
574983
487126
535214
535711
547113
578785
522031
564823
503698
577630
578178
515355
491156
554486
544243
572246
546754
520522
560999
546830
513429
560922
495754
549942
496455
535990
518093
491172
500416
529026
535343
530676
528633
502907
550843
509040
510108
576460
488402
531845
565833
549021
524740
559318
507696
569764
552465
527308
491639
551479
502452
503596
546297
572872
534312
493246
564732
561774
539361
527714
577172
518992
513986
541215
532392
553152
491693
540837
523829
492046
486101
481308
546771
512909
533849
481855
488862
562407
512627
541473
505850
534732
536403
509494
536320
538273
507184
514922
558589
539269
577486
485468
577118
518567
519649
536997
514388
501069
536048
525862
547234
524045
506784
489234
542016
572279
536459
515193
535433
530463
554881
558581
491880
555486
544496
484934
533114
483343
559920
503484
532508
496020
523935
529472
486005
546489
518165
555622
513417
574628
504784
558945
574956
504422
522003
560204
526122
515291
492810
548991
534257
537168
520348
484215
496076
575802
567303
557069
570142
512025
535837
560391
573608
542669
515780
533829
546054
534176
507562
545695
519857
519521
510467
560903
540819
548218
499588
568407
567231
574981
554885
565811
574598
537523
525290
514540
569432
551551
536297
492130
516320
533587
489762
502111
580308
513009
492849
541780
577916
549327
579749
563770
492958
562016
564923
561059
487617
568670
545159
499557
499166
551271
495454
493656
509989
515560
527504
569944
552962
522344
572326
502189
525622
490284
544608
574092
514109
484236
503519
544112
556152
560769
502340
493030
510132
560344
533843
484059
491326
486146
507814
555657
579439
568787
505043
541246
578939
559757
564510
556584
505490
574683
505874
518054
514012
559810
544546
505069
487825
534414
546723
526356
569501
506269
527545
556497
524308
513167
545192
577364
516826
557766
494347
509198
578594
525743
481999
530213
485524
517885
523580
519188
527153
490829
518349
567699
489227
575107
537953
500944
549045
556778
525538
526782
493852
515000
498790
506988
575749
491449
522675
572965
512056
550298
550145
482037
515860
508239
560532
493495
517583
544493
561844
521303
519934
553711
555352
534676
550645
539840
568992
566123
520102
569074
569235
579209
523026
571020
570882
576773
481071
573418
501703
482387
498686
575745
561841
564748
548526
517026
486563
573690
526934
500520
556271
571099
483989
532459
520843
545808
525960
533314
505493
566942
579777
510416
536012
510323
566899
532811
490910
498378
576391
534262
554097
573102
517533
572012
501845
560430
537370
539549
490968
522583
509653
528121
512497
531321
501398
487060
507151
537411
504263
566106
558326
546541
527261
490319
539358
539271
482516
544818
572462
540038
576031
490770
495649
563616
549050
554785
545090
547225
528321
574489
546200
542155
555108
574600
564709
522296
501760
501732
553652
514684
530228
538577
516290
557050
572091
527208
552452
517308
522951
578329
506994
508148
490588
546444
513536
481183
568686
510013
573781
535012
496588
494521
553129
580099
490359
520685
481835
573193
495046
542427
560675
519043
482812
546555
512828
518772
537773
570398
524642
539383
498543
568218
489341
559776
553917
497223
519242
482590
579470
544323
519797
490896
517524
504366
563436
481169
526396
505911
573502
542145
550351
527536
529350
496401
569334
569320
507531
510261
552765
544159
552114
517936
481984
568962
522713
540459
555127
518874
538526
539664
522291
566344
554627
554555
536312
525479
495270
506973
489244
541274
488014
552990
505922
518792
535679
498637
501315
502922
484802
525405
519348
541787
490006
512681
566014
536338
534269
499856
512135
516495
495028
524485
536782
517188
558425
550375
556312
481330
510300
548772
541095
545502
490483
531600
525520
533043
535159
535506
529607
519178
529025
558346
548157
526786
527430
571526
565728
571298
552466
519205
556299
554454
517802
543104
486310
542823
490781
551672
541361
573475
497072
517651
563916
485585
518447
524862
534032
550704
532977
576015
576628
546894
524475
516072
493467
484219
567199
575592
547718
502830
567365
574320
516834
566627
497414
483668
499408
571929
485405
499328
505561
565832
506762
513772
567415
495761
560207
545335
550592
521184
516731
549762
515099
507071
524032
485837
485028
530895
572887
491895
505404
562131
487039
490227
513568
486058
492120
513603
575059
556165
549449
539512
539906
572263
521097
498317
572384
500392
518497
569451
511684
564801
523415
486918
568385
493025
498943
482626
523160
557898
527285
509098
580953
537505
511882
523047
503230
525582
541590
515350
528935
543071
525606
572167
533140
489723
561122
547325
487362
488869
564180
565718
540043
574922
549284
537822
487976
529740
561017
536005
522140
532336
483030
507454
565128
573830
497949
487721
487592
533415
555017
494543
546423
568268
495819
559267
498083
545173
566146
561205
565878
577763
562870
508638
527416
562620
510060
578937
575668
561903
569541
492681
538518
516284
496126
575467
536698
538489
525333
565818
509517
483822
500285
530227
532272
523031
536591
566546
578744
484914
543755
545186
530766
552015
522321
509629
504932
530121
506850
555190
499321
533012
532494
580772
486485
534368
560292
502534
565650
560160
501568
576551
482721
555857
510420
525591
540779
490567
526518
549748
530245
524768
513695
484794
511837
528734
518865
542326
503587
520948
571613
506966
504902
514102
494838
574313
535118
546910
520735
500901
494714
507272
546634
491325
528978
539912
573956
494399
529245
486987
519536
498439
566948
532931
543382
499633
574714
517379
563833
538476
505618
528396
573477
504393
550951
492876
505566
484521
496444
566744
493917
488890
558825
537667
514465
580070
525003
527737
496082
483421
562206
560598
565339
501834
546062
560393
518564
500289
504024
536590
560422
496448
524589
504443
520740
559199
516524
488886
516344
560760
492848
490549
481879
532217
548525
482172
521445
497069
519209
572815
527367
534845
504760
486252
555346
544440
561273
516813
571895
537570
535191
545975
509156
558045
535633
500503
572016
491249
492830
535900
495704
508303
501468
575921
547535
551571
567564
580151
487683
547917
530094
544614
540792
537135
506911
565691
530959
515644
486346
482834
521518
567029
496255
517225
501536
572703
495480
559966
548357
550984
563562
555237
570773
550003
560493
528771
499988
493853
551228
516513
533883
529945
535417
481913
495575
499221
539324
529961
507796
515606
536460
495838
576322
565101
499760
528655
553736
562611
483356
509592
484583
564976
536560
568660
549369
506572
525412
559989
543226
491609
548311
571997
504064
578193
486981
535822
533988
552241
489360
560839
499723
532940
579007
540917
514552
509143
494681
494169
