1 9 1 0 0
1 1
2 1
3 1
1 1
1 2
1 2
1 3
1 9 1 3 1
1 9 1 3 1
1 9 1 3 1
1 9 1 2 0
0 9 2 2 0
0 9 2 2 0
0 9 2 3 1
0 9 2 3 1
0 9 2 3 1
0 8 7 3 1
0 8 7 3 1
0 8 7 3 1
0 8 7 3 1
0 8 7 3 1
3 7 0 3 1
3 7 0 3 1
3 7 0 3 1
3 7 0 3 2
3 7 0 2 1
5 6 6 2 1
5 6 6 2 1
5 6 6 2 1
5 6 6 2 2
5 6 6 2 2
1 4 8 2 2
1 4 8 2 2
4
1
1 1
3
1
2 1
2
1
3 1
1
5
1 1
1 4 8 2 2
1 4 8 2 2
1 4 8 2 2
3 3 3 2 2
3 3 3 2 2
3 3 3 2 2
3 3 3 2 2
3 3 3 1 1
1 3 5 1 1
1 3 5 1 1
2
1
1 1
1
1 3 5 2 2
1 3 5 2 2
1 3 5 2 2
0 2 4 2 2
0 2 4 2 2
0
0 2 4 3 3
0 2 4 3 3
0 2 4 3 3
0 0 9 3 3
0 0 9 3 3
0 0 9 3 3
0 0 9 1 1
0 0 9 1 1
2
3
3
1
3
2
2
3
2
1
