1500 1290 1 2500
2 1 3
3 1 1353
4 2 408
5 3 14
7 6 359
8 7 146
9 7 4
10 7 1640
12 11 1
13 11 1450
14 12 1637
15 11 1858
17 16 1635
18 16 2411
19 16 4
20 16 2010
22 21 132
23 21 1022
24 23 1554
25 23 0
27 26 569
28 26 3
29 26 961
30 29 158
32 31 496
33 31 2
34 31 2443
35 32 1494
37 36 4
38 37 496
39 37 1394
40 38 189
42 41 2189
43 41 3
44 42 1255
45 44 890
47 46 190
48 47 406
49 48 0
50 49 1500
52 51 1261
53 52 5
54 51 566
55 52 285
57 56 1
58 56 2481
59 56 2098
60 56 1209
62 61 2
63 61 2431
64 62 643
65 62 111
67 66 787
68 66 330
69 67 3
70 68 2052
72 71 2470
73 72 2326
74 73 3
75 72 2035
77 76 1551
78 77 1801
79 76 1854
80 79 5
82 81 1883
83 82 2181
84 81 0
85 81 1714
87 86 1461
88 86 1528
89 87 0
90 87 2336
92 91 1623
93 91 566
94 92 2297
95 92 1
97 96 279
98 96 3
99 98 763
100 97 2364
102 101 698
103 102 4
104 103 1516
105 101 885
107 106 2
108 106 1374
109 108 1161
110 108 2174
112 111 5
113 112 1530
114 112 2481
115 113 2463
117 116 878
118 117 5
119 116 1557
120 117 29
122 121 2450
123 121 1453
124 123 1
125 123 283
127 126 600
128 127 1640
129 128 1
130 129 2229
132 131 2395
133 132 2
134 132 437
135 132 133
137 136 1161
138 136 1
139 137 502
140 138 562
142 141 647
143 141 2
144 141 2271
145 142 2211
147 146 2308
148 146 5
149 147 653
150 149 1806
152 151 2
153 152 1954
154 151 1316
155 151 251
157 156 579
158 157 0
159 158 1539
160 156 2496
162 161 768
163 161 2
164 163 1333
165 163 836
167 166 435
168 167 2482
169 167 1543
170 169 5
172 171 986
173 172 2
174 171 401
175 174 1416
177 176 1337
178 177 1912
179 177 4
180 176 2
182 181 4
183 182 616
184 181 225
185 184 496
187 186 1889
188 187 13
189 187 1325
190 189 0
192 191 1703
193 192 1
194 191 1889
195 192 359
197 196 86
198 196 1095
199 196 163
200 198 5
202 201 359
203 201 2038
204 203 261
205 203 2
207 206 1
208 206 218
209 207 1874
210 209 511
212 211 836
213 211 0
214 212 292
215 211 261
217 216 4
218 217 1870
219 218 1957
220 219 49
222 221 0
223 221 1458
224 222 559
225 221 618
227 226 720
228 226 4
229 226 2483
230 227 345
232 231 257
233 232 143
234 233 2
235 232 1702
237 236 1808
238 237 3
239 237 1542
240 237 2045
242 241 1591
243 242 1152
244 242 775
245 244 4
247 246 866
248 247 2
249 246 933
250 247 1281
252 251 124
253 251 2210
254 253 2354
255 253 3
257 256 99
258 257 5
259 257 1261
260 259 2044
262 261 374
263 262 1761
264 262 438
265 262 4
267 266 644
268 266 2054
269 268 4
270 267 1685
272 271 2
273 272 458
274 272 20
275 273 755
277 276 2
278 276 228
279 276 724
280 278 1828
282 281 1
283 281 1489
284 283 856
285 281 465
287 286 821
288 287 2414
289 287 0
290 289 264
292 291 530
293 292 1910
294 291 0
295 292 2384
297 296 635
298 296 1484
299 297 1376
300 297 0
302 301 1880
303 301 655
304 302 236
305 303 2
307 306 1692
308 307 202
309 308 45
310 309 0
312 311 494
313 312 215
314 313 2492
315 311 2
317 316 2287
318 316 496
319 316 148
320 318 1
322 321 2386
323 322 4
324 323 647
325 322 1654
327 326 278
328 327 3
329 327 1338
330 328 1338
332 331 1527
333 331 2464
334 331 395
335 332 2
337 336 413
338 336 453
339 338 1331
340 339 3
342 341 380
343 342 1989
344 342 2267
345 344 5
347 346 1371
348 347 5
349 348 1972
350 347 1767
352 351 1310
353 352 1920
354 352 1
355 354 1164
357 356 375
358 356 308
359 357 4
360 356 189
362 361 1168
363 362 927
364 361 941
365 363 3
367 366 2007
368 366 502
369 366 1
370 368 2287
372 371 1582
373 371 290
374 371 1
375 371 1764
377 376 1891
378 377 3
379 377 860
380 377 1339
382 381 746
383 382 2306
384 383 0
385 383 1055
387 386 4
388 387 1198
389 388 108
390 386 647
392 391 0
393 392 2095
394 391 2093
395 392 1116
397 396 974
398 397 5
399 398 2035
400 399 548
402 401 1
403 402 647
404 401 1920
405 402 1878
407 406 1500
408 406 2439
409 406 2355
410 408 0
412 411 2
413 411 1904
414 411 833
415 414 1418
417 416 2241
418 417 1226
419 417 4
420 419 369
422 421 1432
423 421 1287
424 423 224
425 424 4
427 426 1
428 427 1724
429 426 1616
430 426 1113
432 431 751
433 431 1090
434 433 2217
435 431 0
437 436 1
438 436 2430
439 437 38
440 437 571
442 441 2431
443 442 7
444 441 5
445 441 222
447 446 1340
448 446 5
449 448 693
450 449 2389
452 451 1635
453 452 751
454 452 671
455 451 3
457 456 1173
458 457 466
459 458 3
460 456 2377
462 461 404
463 462 1570
464 462 0
465 462 914
467 466 701
468 467 799
469 467 5
470 468 1283
472 471 1492
473 472 768
474 471 2335
475 474 1
477 476 1399
478 476 43
479 476 1991
480 476 4
482 481 1837
483 481 444
484 482 4
485 483 509
487 486 2
488 486 1185
489 488 2359
490 486 1691
492 491 3
493 492 1506
494 491 759
495 491 446
497 496 676
498 496 0
499 498 1576
500 496 1481
502 501 0
503 501 2390
504 502 992
505 502 390
507 506 3
508 506 988
509 508 2336
510 508 2284
512 511 1658
513 512 751
514 513 233
515 514 4
517 516 606
518 517 938
519 516 1261
520 518 5
522 521 1
523 522 1162
524 523 2364
525 523 2304
527 526 0
528 526 791
529 526 2237
530 529 410
532 531 139
533 532 1
534 532 710
535 534 980
537 536 1273
538 537 2
539 537 2124
540 539 1105
542 541 2077
543 541 3
544 543 714
545 544 1670
547 546 825
548 546 1872
549 546 832
550 548 0
552 551 2174
553 552 1950
554 551 1568
555 553 3
557 556 408
558 556 5
559 558 176
560 557 43
562 561 1783
563 561 501
564 561 707
565 562 4
567 566 3
568 566 803
569 567 1403
570 566 1521
572 571 2
573 572 356
574 571 2119
575 571 1735
577 576 2380
578 577 2
579 578 29
580 578 157
582 581 43
583 581 0
584 582 596
585 584 1321
587 586 4
588 586 614
589 586 1378
590 587 416
592 591 1
593 591 1536
594 591 3
595 591 1793
597 596 969
598 596 1493
599 596 0
600 597 1747
602 601 2048
603 602 1852
604 601 1795
605 604 2
607 606 1082
608 607 2354
609 608 2
610 606 702
612 611 3
613 612 1379
614 612 1072
615 612 28
617 616 689
618 616 2405
619 618 4
620 619 1015
622 621 2155
623 622 4
624 622 1608
625 624 49
627 626 411
628 626 4
629 628 270
630 628 1421
632 631 709
633 631 0
634 632 733
635 631 1260
637 636 2430
638 637 374
639 638 1214
640 636 2
642 641 2380
643 642 1746
644 643 4
645 644 1001
647 646 3
648 646 1650
649 647 1276
650 648 1849
652 651 201
653 651 1384
654 652 2
655 652 2145
657 656 524
658 657 1201
659 656 2
660 659 2233
662 661 1217
663 661 2159
664 661 1775
665 662 4
667 666 2329
668 666 1141
669 667 2210
670 668 0
672 671 4
673 672 1345
674 671 1677
675 673 1912
677 676 293
678 676 1119
679 677 3
680 679 1693
682 681 1
683 682 2460
684 681 1066
685 682 638
687 686 44
688 686 1649
689 687 2299
690 686 4
692 691 4
693 691 1042
694 691 2036
695 693 94
697 696 556
698 697 38
699 696 2110
700 697 0
702 701 183
703 702 718
704 701 1
705 702 495
707 706 2000
708 706 2
709 708 2074
710 707 1030
712 711 2342
713 712 1436
714 712 2
715 711 1495
717 716 4
718 716 2399
719 716 428
720 718 2227
722 721 1198
723 722 0
724 723 867
725 722 2032
727 726 527
728 727 644
729 728 1140
730 726 0
732 731 1
733 731 133
734 732 2162
735 734 390
737 736 1789
738 737 540
739 737 2004
740 736 5
742 741 174
743 742 410
744 742 556
745 743 4
747 746 215
748 746 1722
749 747 2251
750 747 2
752 751 2
753 752 1151
754 752 2050
755 753 1676
757 756 1468
758 756 435
759 756 1211
760 758 2
762 761 218
763 761 1202
764 761 277
765 761 2
767 766 1
768 767 1888
769 768 424
770 767 2436
772 771 1508
773 772 1804
774 771 4
775 774 743
777 776 346
778 776 9
779 776 387
780 777 5
782 781 1225
783 782 1244
784 781 542
785 782 2
787 786 3
788 787 834
789 787 2285
790 788 2036
792 791 1936
793 792 1212
794 792 5
795 791 2020
797 796 5
798 796 289
799 796 1001
800 798 1526
802 801 196
803 802 0
804 803 958
805 804 2338
807 806 0
808 806 211
809 807 1604
810 809 506
812 811 2497
813 812 0
814 811 1730
815 811 1830
817 816 919
818 817 1
819 818 2150
820 818 1640
822 821 972
823 822 5
824 822 1361
825 824 2387
827 826 898
828 826 1710
829 826 2
830 828 1922
832 831 2364
833 831 2255
834 832 1
835 831 2050
837 836 128
838 837 2427
839 838 1739
840 836 4
842 841 1
843 841 1367
844 842 2176
845 841 1843
847 846 1131
848 847 1
849 846 1729
850 847 392
852 851 1390
853 851 1667
854 851 1049
855 851 2
857 856 395
858 857 182
859 857 1
860 856 286
862 861 2497
863 861 3
864 861 1830
865 862 805
867 866 1109
868 866 3
869 868 1109
870 868 0
872 871 1
873 871 1305
874 872 1861
875 872 1205
877 876 112
878 876 0
879 878 1977
880 878 642
882 881 86
883 882 988
884 882 1734
885 883 2
887 886 1
888 887 216
889 886 1093
890 887 755
892 891 2
893 892 1272
894 892 450
895 891 244
897 896 1277
898 896 2213
899 898 953
900 899 2
902 901 486
903 901 1790
904 902 1
905 902 1007
907 906 379
908 906 0
909 907 2001
910 906 2370
912 911 0
913 912 298
914 911 626
915 913 199
917 916 679
918 916 4
919 917 2471
920 919 1968
922 921 148
923 922 0
924 921 613
925 922 5
927 926 2020
928 927 566
929 927 0
930 926 1878
932 931 2
933 932 2328
934 932 1380
935 934 1331
937 936 2222
938 937 1390
939 937 807
940 936 1
942 941 2061
943 941 970
944 941 796
945 944 3
947 946 2420
948 946 1121
949 946 1023
950 947 2
952 951 28
953 952 878
954 952 2219
955 954 4
957 956 2097
958 956 437
959 957 345
960 958 2
962 961 4
963 962 1201
964 961 1829
965 964 930
967 966 757
968 966 1940
969 967 1326
970 967 5
972 971 2124
973 972 3
974 972 352
975 973 211
977 976 2263
978 976 0
979 976 895
980 978 577
982 981 787
983 981 1090
984 983 320
985 981 4
987 986 1261
988 987 1353
989 988 4
990 986 469
992 991 512
993 992 984
994 992 1
995 993 352
997 996 1999
998 996 1331
999 996 1
1000 999 853
1001 1002 27
1002 1003 62
1003 1004 52
1004 1005 24
1005 1006 46
1006 1007 29
1007 1008 80
1008 1009 99
1009 1010 77
1010 1011 79
1011 1012 44
1012 1013 98
1013 1014 10
1014 1015 61
1015 1016 15
1016 1017 45
1017 1018 72
1018 1019 6
1019 1020 33
1020 1021 61
1021 1022 83
1022 1023 34
1023 1024 73
1024 1025 94
1025 1026 24
1026 1027 88
1027 1028 26
1028 1029 72
1029 1030 94
1030 1031 32
1031 1032 30
1032 1033 70
1033 1034 23
1034 1035 58
1035 1036 46
1036 1037 88
1037 1038 34
1038 1039 97
1039 1040 59
1040 1041 62
1041 1042 0
1042 1043 89
1043 1044 54
1044 1045 7
1045 1046 65
1046 1047 89
1047 1048 37
1048 1049 15
1049 1050 73
1051 1052 27
1052 1053 25
1053 1054 39
1054 1055 55
1055 1056 72
1056 1057 77
1057 1058 21
1058 1059 23
1059 1060 28
1060 1061 96
1061 1062 96
1062 1063 2
1063 1064 80
1064 1065 81
1065 1066 23
1066 1067 81
1067 1068 64
1068 1069 3
1069 1070 97
1070 1071 91
1071 1072 91
1072 1073 41
1073 1074 36
1074 1075 32
1075 1076 98
1076 1077 27
1077 1078 24
1078 1079 96
1079 1080 100
1080 1081 17
1081 1082 55
1082 1083 12
1083 1084 36
1084 1085 55
1085 1086 93
1086 1087 40
1087 1088 16
1088 1089 100
1089 1090 82
1090 1091 43
1091 1092 90
1092 1093 10
1093 1094 30
1094 1095 35
1095 1096 33
1096 1097 79
1097 1098 85
1098 1099 25
1099 1100 12
1101 1102 92
1102 1103 30
1103 1104 93
1104 1105 62
1105 1106 45
1106 1107 41
1107 1108 95
1108 1109 83
1109 1110 69
1110 1111 43
1111 1112 96
1112 1113 97
1113 1114 49
1114 1115 89
1115 1116 12
1116 1117 46
1117 1118 24
1118 1119 85
1119 1120 7
1120 1121 27
1121 1122 49
1122 1123 59
1123 1124 43
1124 1125 33
1125 1126 40
1126 1127 55
1127 1128 56
1128 1129 34
1129 1130 36
1130 1131 4
1131 1132 43
1132 1133 36
1133 1134 85
1134 1135 2
1135 1136 19
1136 1137 43
1137 1138 44
1138 1139 16
1139 1140 15
1140 1141 37
1141 1142 43
1142 1143 81
1143 1144 74
1144 1145 42
1145 1146 70
1146 1147 44
1147 1148 23
1148 1149 84
1149 1150 20
1151 1152 32
1152 1153 61
1153 1154 45
1154 1155 14
1155 1156 9
1156 1157 28
1157 1158 7
1158 1159 83
1159 1160 9
1160 1161 48
1161 1162 7
1162 1163 4
1163 1164 34
1164 1165 36
1165 1166 54
1166 1167 43
1167 1168 67
1168 1169 86
1169 1170 27
1170 1171 79
1171 1172 66
1172 1173 1
1173 1174 11
1174 1175 94
1175 1176 81
1176 1177 77
1177 1178 85
1178 1179 50
1179 1180 54
1180 1181 76
1181 1182 0
1182 1183 18
1183 1184 62
1184 1185 65
1185 1186 7
1186 1187 44
1187 1188 2
1188 1189 46
1189 1190 69
1190 1191 45
1191 1192 73
1192 1193 63
1193 1194 61
1194 1195 15
1195 1196 66
1196 1197 27
1197 1198 35
1198 1199 52
1199 1200 48
1201 1202 3
1202 1203 99
1203 1204 40
1204 1205 19
1205 1206 26
1206 1207 16
1207 1208 78
1208 1209 18
1209 1210 86
1210 1211 20
1211 1212 80
1212 1213 16
1213 1214 77
1214 1215 51
1215 1216 66
1216 1217 65
1217 1218 71
1218 1219 56
1219 1220 76
1220 1221 21
1221 1222 15
1222 1223 59
1223 1224 85
1224 1225 86
1225 1226 89
1226 1227 96
1227 1228 2
1228 1229 81
1229 1230 81
1230 1231 26
1231 1232 69
1232 1233 74
1233 1234 79
1234 1235 9
1235 1236 30
1236 1237 70
1237 1238 19
1238 1239 64
1239 1240 58
1240 1241 13
1241 1242 95
1242 1243 6
1243 1244 40
1244 1245 28
1245 1246 71
1246 1247 26
1247 1248 84
1248 1249 31
1249 1250 35
1252 1251 15
1253 1252 91
1254 1253 30
1255 1253 1
1256 1255 52
1257 1256 100
1258 1257 39
1259 1258 12
1260 1258 22
1261 1259 48
1262 1261 45
1263 1262 95
1264 1263 71
1265 1264 86
1266 1265 90
1267 1265 6
1268 1267 74
1269 1268 100
1270 1268 98
1271 1270 56
1272 1271 13
1273 1272 94
1274 1273 2
1275 1274 48
1276 1275 87
1277 1276 32
1278 1277 89
1279 1278 25
1280 1279 66
1281 1280 7
1282 1280 40
1283 1282 11
1284 1283 49
1285 1283 69
1286 1285 29
1287 1285 96
1288 1286 20
1289 1288 53
1290 1289 40
1291 1290 87
1292 1289 88
1293 1291 63
1294 1293 65
1295 1294 87
1296 1295 25
1297 1296 25
1298 1297 32
1299 1298 30
1300 1299 46
1302 1301 8
1303 1302 86
1304 1303 84
1305 1304 67
1306 1305 5
1307 1306 97
1308 1307 16
1309 1308 17
1310 1308 30
1311 1310 32
1312 1311 61
1313 1312 92
1314 1313 95
1315 1314 93
1316 1314 7
1317 1316 69
1318 1314 97
1319 1318 7
1320 1319 79
1321 1320 57
1322 1321 21
1323 1322 6
1324 1322 74
1325 1324 34
1326 1325 59
1327 1326 39
1328 1327 70
1329 1328 3
1330 1329 64
1331 1330 5
1332 1331 60
1333 1332 39
1334 1333 52
1335 1334 55
1336 1335 19
1337 1336 53
1338 1337 86
1339 1338 8
1340 1339 34
1341 1340 67
1342 1341 14
1343 1341 50
1344 1343 42
1345 1344 66
1346 1345 67
1347 1345 96
1348 1347 90
1349 1348 21
1350 1349 86
1352 1351 1
1353 1352 98
1354 1353 34
1355 1354 13
1356 1355 41
1357 1356 57
1358 1357 0
1359 1358 18
1360 1359 66
1361 1359 39
1362 1361 56
1363 1362 42
1364 1363 60
1365 1364 9
1366 1362 1
1367 1366 72
1368 1367 26
1369 1368 63
1370 1368 85
1371 1368 24
1372 1371 71
1373 1372 65
1374 1372 72
1375 1374 68
1376 1375 14
1377 1376 20
1378 1377 42
1379 1378 72
1380 1379 29
1381 1380 10
1382 1380 56
1383 1382 46
1384 1382 91
1385 1383 54
1386 1385 2
1387 1386 26
1388 1387 77
1389 1387 79
1390 1389 12
1391 1389 58
1392 1391 5
1393 1392 13
1394 1393 58
1395 1394 61
1396 1395 23
1397 1396 50
1398 1396 87
1399 1397 80
1400 1399 49
1402 1401 69
1403 1402 81
1404 1403 91
1405 1404 4
1406 1405 4
1407 1406 83
1408 1407 75
1409 1407 55
1410 1408 44
1411 1410 18
1412 1411 11
1413 1412 47
1414 1413 0
1415 1414 19
1416 1415 9
1417 1416 45
1418 1416 43
1419 1418 30
1420 1419 76
1421 1420 95
1422 1420 45
1423 1422 28
1424 1423 86
1425 1423 90
1426 1425 59
1427 1426 6
1428 1427 35
1429 1427 30
1430 1429 15
1431 1430 65
1432 1431 60
1433 1432 8
1434 1433 41
1435 1434 55
1436 1435 29
1437 1436 27
1438 1436 66
1439 1436 31
1440 1439 64
1441 1440 32
1442 1441 82
1443 1442 100
1444 1443 4
1445 1444 71
1446 1445 4
1447 1446 49
1448 1446 65
1449 1448 19
1450 1449 33
1452 1451 68
1453 1452 66
1454 1453 4
1455 1454 72
1456 1455 33
1457 1456 61
1458 1457 65
1459 1457 8
1460 1459 92
1461 1460 18
1462 1461 6
1463 1462 4
1464 1463 81
1465 1464 80
1466 1465 60
1467 1466 97
1468 1467 100
1469 1468 59
1470 1469 50
1471 1470 39
1472 1471 87
1473 1472 99
1474 1473 31
1475 1473 83
1476 1475 43
1477 1476 12
1478 1477 13
1479 1478 96
1480 1479 9
1481 1480 100
1482 1481 98
1483 1482 14
1484 1483 97
1485 1484 39
1486 1484 42
1487 1486 36
1488 1487 82
1489 1487 26
1490 1489 54
1491 1490 54
1492 1490 82
1493 1492 72
1494 1493 28
1495 1493 5
1496 1493 93
1497 1496 17
1498 1497 7
1499 1498 6
1500 1499 44
