00000000000000000000000000000000000000000000000000000000000000000000000000000000000000000001111111111111111111000000000000000000000000000000000000000000000000000000000000000000000000000000000000000000
00000000000000000000000000000000000000000000000000000000000000000000000000000000000111111111111111111111111111111111110000000000000000000000000000000000000000000000000000000000000000000000000000000000
00000000000000000000000000000000000000000000000000000000000000000000000000000011111111111111111111111111111111111111111111100000000000000000000000000000000000000000000000000000000000000000000000000000
00000000000000000000000000000000000000000000000000000000000000000000000000111111111111111111111111111111111111111111111111111110000000000000000000000000000000000000000000000000000000000000000000000000
00000000000000000000000000000000000000000000000000000000000000000000000111111101111011111111111111111111111111111111101111011111110000000000000000000000000000000000000000000000000000000000000000000000
00000000000000000000000000000000000000000000000000000000000000000000111111011111111111111111111111111111111111111111111111111101111110000000000000000000000000000000000000000000000000000000000000000000
00000000000000000000000000000000000000000000000000000000000000000111111111111111111111111111111111111111111111111111111111111111111111110000000000000000000000000000000000000000000000000000000000000000
00000000000000000000000000000000000000000000000000000000000000011111111111111111111111111111111111111111111111111111111111111111111111111100000000000000000000000000000000000000000000000000000000000000
00000000000000000000000000000000000000000000000000000000000011111111111111111111111111111111111111111111111111111111111111111111111111111111100000000000000000000000000000000000000000000000000000000000
00000000000000000000000000000000000000000000000000000000001111111011111011111111111111111111111111111111111111111111111111111111101111101111111000000000000000000000000000000000000000000000000000000000
00000000000000000000000000000000000000000000000000000000111101111111011111111111111111111111111111111111111111111111111111111111111101111111011110000000000000000000000000000000000000000000000000000000
00000000000000000000000000000000000000000000000000000011111111111111111111111111111111111111111111111111111111111111111111111111111111111111111111100000000000000000000000000000000000000000000000000000
00000000000000000000000000000000000000000000000000001111110111101111111111101111111111111111111111111111111111111111111111111011111111111011110111111000000000000000000000000000000000000000000000000000
00000000000000000000000000000000000000000000000000111111011111111111111111111110111111111111111111111111111111111111111110111111111111111111111101111110000000000000000000000000000000000000000000000000
00000000000000000000000000000000000000000000000001010101111111111101111111111111111111111111111111111111111111111111111111111111111111011111111111010101000000000000000000000000000000000000000000000000
00000000000000000000000000000000000000000000000111111111111110111111101101111111111101111111111111111111111111111111011111111111011011111110111111111111110000000000000000000000000000000000000000000000
00000000000000000000000000000000000000000000011111111111111011111111111111111111111111111111111111111111111111111111111111111111111111111111101111111111111100000000000000000000000000000000000000000000
00000000000000000000000000000000000000000000101011111111101111110111111111111111111111111111111111111111111111111111111111111111111111110111111011111111101010000000000000000000000000000000000000000000
00000000000000000000000000000000000000000001111110101010111111111111111111111111111111111111111111111111111111111111111111111111111111111111111110101010111111000000000000000000000000000000000000000000
00000000000000000000000000000000000000000111011111111111111111011110111111110111111111111110111111111111111110111111111111110111111110111101111111111111111101110000000000000000000000000000000000000000
00000000000000000000000000000000000000001011110111111111111111111111111111111111111111111111111111111111111111111111111111111111111111111111111111111111110111101000000000000000000000000000000000000000
00000000000000000000000000000000000000011110111101010111110101111111110110111111011111111111111111111111111111111111111101111110110111111111010111110101011110111100000000000000000000000000000000000000
00000000000000000000000000000000000001110111101111111101011111111011111111111111111111111111111111111111111111111111111111111111111111101111111101011111111011110111000000000000000000000000000000000000
00000000000000000000000000000000000010111101111011111111111111111111111111111111111111111111111111111111111111111111111111111111111111111111111111111111101111011110100000000000000000000000000000000000
00000000000000000000000000000000000111101111011110101111111111101111011111111111111111111111111111111111111111111111111111111111111101111011111111111010111101111011110000000000000000000000000000000000
00000000000000000000000000000000001101111011110111111010101010111111111111111111111111111111111111111111111111111111111111111111111111111110101010101111110111101111011000000000000000000000000000000000
00000000000000000000000000000000011011011110111101111111111111111111111011111011111110111111111111111111111111111110111111101111101111111111111111111111011110111101101100000000000000000000000000000000
00000000000000000000000000000000110110110111101111011111111111111101111111011111111111111111111111111111111111111111111111111101111111011111111111111101111011110110110110000000000000000000000000000000
00000000000000000000000000000001111111111101111011110101111111110111111111111111111111111111111111111111111111111111111111111111111111110111111111010111101111011111111111000000000000000000000000000000
00000000000000000000000000000011101101101111011110111111010101011111101111111111101111111111111111111111111111111111111011111111111011111101010101111110111101111011011011100000000000000000000000000000
00000000000000000000000000000111011011011011110111101111111111111111111111111111111111111111111111111111111111111111111111111111111111111111111111111011110111101101101101110000000000000000000000000000
00000000000000000000000000001110110110110110111101111011111111111110111101111111111111111111111111111111111111111111111111111111011110111111111111101111011110110110110110111000000000000000000000000000
00000000000000000000000000011101101101111111101111011110101111111011111111111111111111111111111111111111111111111111111111111111111111101111111010111101111011111111011011011100000000000000000000000000
00000000000000000000000000111011011111101101111011110111111010101111111111101101111111111111111111111111111111111111111111011011111111111010101111110111101111011011111101101110000000000000000000000000
00000000000000000000000001101110111011011011011110111101111111111111110111111111111111111111111111111111111111111111111111111111110111111111111111011110111101101101101110111011000000000000000000000000
00000000000000000000000011011101110110110110110111101111011111111111011111111111111111011111111111111111111111111101111111111111111101111111111101111011110110110110110111011101100000000000000000000000
00000000000000000000000110111011011101101101101101111011110101011101111110111111110111111111011111111111111101111111110111111110111111011101010111101111011011011011011101101110110000000000000000000000
00000000000000000000001011101110111011011111111111011110111111110111111111111111111111111111111111111111111111111111111111111111111111110111111110111101111111111101101110111011101000000000000000000000
00000000000000000000001111011101110110111011011011110111101111111111111111110111111111111111111111111111111111111111111111110111111111111111111011110111101101101110110111011101111000000000000000000000
00000000000000000000011101111011101101110110110110111101111011111111111011111110111111111111111111111111111111111111111110111111101111111111101111011110110110110111011011101111011100000000000000000000
00000000000000000000110111101110111011101101101101101111011110101010101111111111111111111111111111111111111111111111111111111111111010101010111101111011011011011011101110111011110110000000000000000000
00000000000000000001011110111101110111011011111111111011110111111111111111011111111111111111111111111111111111111111111111111101111111111111110111101111111111101101110111011110111101000000000000000000
00000000000000000001111011110111101101110111011011011110111101111111111111111111111111111111111111111111111111111111111111111111111111111111011110111101101101110111011011110111101111000000000000000000
00000000000000000011101111011110111011101110110110110111101111011111111101111011111011111111111111111111111111111111101111101111011111111101111011110110110110111011101110111101111011100000000000000000
00000000000000000110111101111011110111011101101101101101111011110101010111111111111111101111111111111111111111111011111111111111110101010111101111011011011011011101110111101111011110110000000000000000
00000000000000001011110111101111011101110111011011111111011110111111111111111111011111111111111111111111111111111111111101111111111111111110111101111111101101110111011101111011110111101000000000000000
00000000000000001111011110111101111011101110110111011011110111101111111111101111111111111111111111111111111111111111111111111011111111111011110111101101110110111011101111011110111101111000000000000000
00000000000000011011111011110111101111011101101110110110111101111010111110111111111111111111111111111111111111111111111111111110111110101111011110110110111011011101111011110111101111101100000000000000
00000000000000011111101111011110111101110111011101101101101111011111101011111101111111111111111111111111111111111111111111011111101011111101111011011011011101110111011110111101111011111100000000000000
00000000000000111101111101111011110111101110111011011111111011110111111111111111111111111111111111111111111111111111111111111111111111110111101111111101101110111011110111101111011111011110000000000000
00000000000001011111101111101111011110111101110110111011011110111101111111110111101101111111111111111111111111111111011011110111111111011110111101101110110111011110111101111011111011111101000000000000
00000000000001111101111101111101111011110111011101110110110111101111010101011111111111111111101111111111111011111111111111111101010101111011110110110111011101110111101111011111011111011111000000000000
00000000000011011111101111110111101111011110111011101101101101111011111111111111111111111111111111111111111111111111111111111111111111101111011011011011101110111101111011110111111011111101100000000000
00000000000011111101111110111110111101111011110111011011011111011110111111111110111111110111111111111111111111110111111110111111111110111101111101101101110111101111011110111110111111011111100000000000
00000000000111011111110111110111110111101111011101110111111011110111101111111111111111111111111111111111111111111111111111111111111011110111101111110111011101111011110111110111110111111101110000000000
00000000000111111101111110111111011110111101111011101110110110111101111010101011110111111111111111111111111111111111110111101010101111011110110110111011101111011110111101111110111111011111110000000000
00000000001110111111110111111011111011110111101111011011101101101111011111111111111110111111111111111111111111111110111111111111111101111011011011101101111011110111101111101111110111111110111000000000
00000000001111111011111110111111011111011110111101110111011011011011110111111111111111111111111111111111111111111111111111111111110111101101101101110111011110111101111101111110111111101111111000000000
00000000011101111111101111111011111101111011110111101110110111111110111101111111011111111111111111111111111111111111111101111111011110111111110110111011110111101111011111101111111011111111011100000000
00000000011111110111111110111111101111101111011110111101101110110111101111010101111111111111111111111111111111111111111111010101111011110110111011011110111101111011111011111110111111110111111100000000
00000000110111111111101111111011111101111101111011110111011101101101111011111111111011111011111111111111111111101111101111111111101111011011011101110111101111011111011111101111111011111111110110000000
00000000111111101111111110111111101111110111101111011110111011011011011110111111111111111111111111111111111111111111111111111110111101101101101110111101111011110111111011111110111111111011111110000000
00000000111111111110111111111011111101111110111101111011101110111111110111101111101111011111111111111111111111111101111011111011110111111110111011101111011110111111011111101111111110111111111110000000
00000001111101111111111101111111101111110111110111101111011101110110111101111010111111111111111111111111111111111111111110101111011110110111011101111011110111110111111011111111011111111111011111000000
00000001111111111011111111110111111110111111011110111101111011101101101111011111111111111111110111111111110111111111111111111101111011011011101111011110111101111110111111110111111111101111111111000000
00000011101111111111110111111111011111110111111011110111101110111011011011110111111101111111111111111111111111111111011111110111101101101110111011110111101111110111111101111111110111111111111011100000
00000011111111011111111111101111111101111111011111011110111101110110111110111101010111111111111111111111111111111111110101011110111110110111011110111101111101111111011111111011111111111101111111100000
00000011111111111110111111111110111111110111111011111011110111101101110111101111111111101101111111111111111111011011111111111011110111011011110111101111101111110111111110111111111110111111111111100000
00000111110111111111111101111111111011111111011111101111011110111011101101111011111111111111111111111111111111111111111111101111011011101110111101111011111101111111101111111111011111111111110111110000
00000111111111101111111111111011111111110111111101111101111011110111011011011110111111111111111111111111111111111111111110111101101101110111101111011111011111110111111111101111111111111011111111110000
00000111111111111111101111111111110111111111011111101111101111011110110111110111101010111111111111111111111111111110101011110111110110111101111011111011111101111111110111111111111011111111111111110000
00001111101111111111111111011111111111101111111101111110111101111011101110111101111111111111111111111111111111111111111111011110111011101111011110111111011111111011111111111101111111111111111011111000
00001111111111101111111111111110111111111110111111101111110111101111011101101111011111110111111111111111111111110111111101111011011101111011110111111011111110111111111110111111111111111011111111111000
00001111111111111111101111111111111101111111111011111110111110111101111011011011110111111111111111111111111111111111110111101101101111011110111110111111101111111111011111111111111011111111111111111000
00011011111111111111111111101111111111111011111111101111111011110111101110110110111101011110111111111111111110111101011110110110111011110111101111111011111111101111111111111011111111111111111111101100
00011111111101111111111111111111101111111111110111111110111111011110111101101111101111111111111011111111101111111111111011111011011110111101111110111111110111111111111011111111111111111111011111111100
00011111111111111110111111111111111111011111111111011111111011111011110111011101111011111111111111111111111111111111101111011101110111101111101111111101111111111101111111111111111110111111111111111100
00011111111111111111111111011111111111111110111111111110111111101111011110111011011110111011111111111111111111101110111101101110111101111011111110111111111110111111111111111101111111111111111111111100
00110111111111111111111111111111101111111111111101111111111011111101111011110110110111101111111111111111111111111011110110110111101111011111101111111111011111111111111011111111111111111111111111110110
00111111111110111111111111111111111111101111111111111011111111101111101111011101111101111111011111111111111101111111011111011101111011111011111111101111111111111011111111111111111111111110111111111110
00111111111111111111101111111111111111111111101111111111110111111101111101111011101111011111111111111111111111111101111011101111011111011111110111111111111011111111111111111111111011111111111111111110
00111111111111111111111111111011111111111111111111011111111111011111110111101111011011110101111111111111111111010111101101111011110111111101111111111101111111111111111111101111111111111111111111111110
00111111111111111111111111111111111101111111111111111110111111111101111110111101110110111111111111111111111111111110110111011110111111011111111110111111111111111111011111111111111111111111111111111110
01110111111111111111111111111111111111111110111111111111111101111111110111110111101111101111111111111111111111111011111011110111110111111111011111111111111110111111111111111111111111111111111111110111
01111111111111101111111111111111111111111111111111011111111111111011111111011110111101111011101101111111011011101111011110111101111111101111111111111101111111111111111111111111111111111011111111111111
01111111111111111111111111011111111111111111111111111111011111111111110111111011110111011110111111111111111110111101110111101111110111111111111101111111111111111111111111111101111111111111111111111111
01111111111111111111111111111111111011111111111111111111111111011111111111011111011110110111111111111111111111110110111101111101111111111101111111111111111111111111101111111111111111111111111111111111
01111111111111111111111111111111111111111111011111111111111111111110111111111101111011101101111111111111111111011011101111011111111110111111111111111111111101111111111111111111111111111111111111111111
01111111111111111111111111111111111111111111111111111011111111111111111101111111101111011111011111111111111101111101111011111111011111111111111111101111111111111111111111111111111111111111111111111111
01111111111111111111111111111111111111111111111111111111111101111111111111111011111101111011110111111111110111101111011111101111111111111111011111111111111111111111111111111111111111111111111111111111
01111111111111111111111111111111111111111111111111111111111111111110111111111111101111101110111111111111111110111011111011111111111110111111111111111111111111111111111111111111111111111111111111111111
11111111111111111110111111111111111111111111111111111111111111111111111111011111111110111101101110111110111011011110111111111101111111111111111111111111111111111111111111111111111110111111111111111111
11111111111111111111111111111111111101111111111111111111111111111111111111111110111111110111111011111111101111110111111110111111111111111111111111111111111111111111011111111111111111111111111111111111
11111111111111111111111111111111111111111111111111101111111111111111111111111111111101111110111111111111111110111111011111111111111111111111111111111011111111111111111111111111111111111111111111111111
11111111111111111111111111111111111111111111111111111111111111110111111111111111111111111011110111111111110111101111111111111111111111110111111111111111111111111111111111111111111111111111111111111111
11111111111111111111111111111111111111111111111111111111111111111111111111101111111111111111011101111111011101111111111111111011111111111111111111111111111111111111111111111111111111111111111111111111
11111111111111111111111111111111111111111111111111111111111111111111111111111111111101111111111011011101101111111111011111111111111111111111111111111111111111111111111111111111111111111111111111111111
11111111111111111111111111111111111111111111111111111111111111111111111111111111111111111110111111111111111110111111111111111111111111111111111111111111111111111111111111111111111111111111111111111111
11111111111111111111111111111111111111111111111111111111111111111111111111111111111111111111111101111111011111111111111111111111111111111111111111111111111111111111111111111111111111111111111111111111
11111111111111111111111111111111111111111111111111111111111111111111111111111111111111111111111111101011111111111111111111111111111111111111111111111111111111111111111111111111111111111111111111111111
11111111111111111111111111111111111111111111111111111111111111111111111111111111111111111111111111111111111111111111111111111111111111111111111111111111111111111111111111111111111111111111111111111111
11111111111111111111111111111111111111111111111111111111111111111111111111111111111111111111111111101011111111111111111111111111111111111111111111111111111111111111111111111111111111111111111111111111
11111111111111111111111111111111111111111111111111111111111111111111111111111111111111111111111101111111011111111111111111111111111111111111111111111111111111111111111111111111111111111111111111111111
11111111111111111111111111111111111111111111111111111111111111111111111111111111111111111110111111111111111110111111111111111111111111111111111111111111111111111111111111111111111111111111111111111111
11111111111111111111111111111111111111111111111111111111111111111111111111111111111101111111111011011101101111111111011111111111111111111111111111111111111111111111111111111111111111111111111111111111
11111111111111111111111111111111111111111111111111111111111111111111111111101111111111111111011101111111011101111111111111111011111111111111111111111111111111111111111111111111111111111111111111111111
11111111111111111111111111111111111111111111111111111111111111110111111111111111111111111011110111111111110111101111111111111111111111110111111111111111111111111111111111111111111111111111111111111111
11111111111111111111111111111111111111111111111111101111111111111111111111111111111101111110111111111111111110111111011111111111111111111111111111111011111111111111111111111111111111111111111111111111
11111111111111111111111111111111111101111111111111111111111111111111111111111110111111110111111011111111101111110111111110111111111111111111111111111111111111111111011111111111111111111111111111111111
11111111111111111110111111111111111111111111111111111111111111111111111111011111111110111101101110111110111011011110111111111101111111111111111111111111111111111111111111111111111110111111111111111111
01111111111111111111111111111111111111111111111111111111111111111110111111111111101111101110111111111111111110111011111011111111111110111111111111111111111111111111111111111111111111111111111111111111
01111111111111111111111111111111111111111111111111111111111101111111111111111011111101111011110111111111110111101111011111101111111111111111011111111111111111111111111111111111111111111111111111111111
01111111111111111111111111111111111111111111111111111011111111111111111101111111101111011111011111111111111101111101111011111111011111111111111111101111111111111111111111111111111111111111111111111111
01111111111111111111111111111111111111111111011111111111111111111110111111111101111011101101111111111111111111011011101111011111111110111111111111111111111101111111111111111111111111111111111111111111
01111111111111111111111111111111111011111111111111111111111111011111111111011111011110110111111111111111111111110110111101111101111111111101111111111111111111111111101111111111111111111111111111111111
01111111111111111111111111011111111111111111111111111111011111111111110111111011110111011110111111111111111110111101110111101111110111111111111101111111111111111111111111111101111111111111111111111111
01111111111111101111111111111111111111111111111111011111111111111011111111011110111101111011101101111111011011101111011110111101111111101111111111111101111111111111111111111111111111111011111111111111
01110111111111111111111111111111111111111110111111111111111101111111110111110111101111101111111111111111111111111011111011110111110111111111011111111111111110111111111111111111111111111111111111110111
00111111111111111111111111111111111101111111111111111110111111111101111110111101110110111111111111111111111111111110110111011110111111011111111110111111111111111111011111111111111111111111111111111110
00111111111111111111111111111011111111111111111111011111111111011111110111101111011011110101111111111111111111010111101101111011110111111101111111111101111111111111111111101111111111111111111111111110
00111111111111111111101111111111111111111111101111111111110111111101111101111011101111011111111111111111111111111101111011101111011111011111110111111111111011111111111111111111111011111111111111111110
00111111111110111111111111111111111111101111111111111011111111101111101111011101111101111111011111111111111101111111011111011101111011111011111111101111111111111011111111111111111111111110111111111110
00110111111111111111111111111111101111111111111101111111111011111101111011110110110111101111111111111111111111111011110110110111101111011111101111111111011111111111111011111111111111111111111111110110
00011111111111111111111111011111111111111110111111111110111111101111011110111011011110111011111111111111111111101110111101101110111101111011111110111111111110111111111111111101111111111111111111111100
00011111111111111110111111111111111111011111111111011111111011111011110111011101111011111111111111111111111111111111101111011101110111101111101111111101111111111101111111111111111110111111111111111100
00011111111101111111111111111111101111111111110111111110111111011110111101101111101111111111111011111111101111111111111011111011011110111101111110111111110111111111111011111111111111111111011111111100
00011011111111111111111111101111111111111011111111101111111011110111101110110110111101011110111111111111111110111101011110110110111011110111101111111011111111101111111111111011111111111111111111101100
00001111111111111111101111111111111101111111111011111110111110111101111011011011110111111111111111111111111111111111110111101101101111011110111110111111101111111111011111111111111011111111111111111000
00001111111111101111111111111110111111111110111111101111110111101111011101101111011111110111111111111111111111110111111101111011011101111011110111111011111110111111111110111111111111111011111111111000
00001111101111111111111111011111111111101111111101111110111101111011101110111101111111111111111111111111111111111111111111011110111011101111011110111111011111111011111111111101111111111111111011111000
00000111111111111111101111111111110111111111011111101111101111011110110111110111101010111111111111111111111111111110101011110111110110111101111011111011111101111111110111111111111011111111111111110000
00000111111111101111111111111011111111110111111101111101111011110111011011011110111111111111111111111111111111111111111110111101101101110111101111011111011111110111111111101111111111111011111111110000
00000111110111111111111101111111111011111111011111101111011110111011101101111011111111111111111111111111111111111111111111101111011011101110111101111011111101111111101111111111011111111111110111110000
00000011111111111110111111111110111111110111111011111011110111101101110111101111111111101101111111111111111111011011111111111011110111011011110111101111101111110111111110111111111110111111111111100000
00000011111111011111111111101111111101111111011111011110111101110110111110111101010111111111111111111111111111111111110101011110111110110111011110111101111101111111011111111011111111111101111111100000
00000011101111111111110111111111011111110111111011110111101110111011011011110111111101111111111111111111111111111111011111110111101101101110111011110111101111110111111101111111110111111111111011100000
00000001111111111011111111110111111110111111011110111101111011101101101111011111111111111111110111111111110111111111111111111101111011011011101111011110111101111110111111110111111111101111111111000000
00000001111101111111111101111111101111110111110111101111011101110110111101111010111111111111111111111111111111111111111110101111011110110111011101111011110111110111111011111111011111111111011111000000
00000000111111111110111111111011111101111110111101111011101110111111110111101111101111011111111111111111111111111101111011111011110111111110111011101111011110111111011111101111111110111111111110000000
00000000111111101111111110111111101111110111101111011110111011011011011110111111111111111111111111111111111111111111111111111110111101101101101110111101111011110111111011111110111111111011111110000000
00000000110111111111101111111011111101111101111011110111011101101101111011111111111011111011111111111111111111101111101111111111101111011011011101110111101111011111011111101111111011111111110110000000
00000000011111110111111110111111101111101111011110111101101110110111101111010101111111111111111111111111111111111111111111010101111011110110111011011110111101111011111011111110111111110111111100000000
00000000011101111111101111111011111101111011110111101110110111111110111101111111011111111111111111111111111111111111111101111111011110111111110110111011110111101111011111101111111011111111011100000000
00000000001111111011111110111111011111011110111101110111011011011011110111111111111111111111111111111111111111111111111111111111110111101101101101110111011110111101111101111110111111101111111000000000
00000000001110111111110111111011111011110111101111011011101101101111011111111111111110111111111111111111111111111110111111111111111101111011011011101101111011110111101111101111110111111110111000000000
00000000000111111101111110111111011110111101111011101110110110111101111010101011110111111111111111111111111111111111110111101010101111011110110110111011101111011110111101111110111111011111110000000000
00000000000111011111110111110111110111101111011101110111111011110111101111111111111111111111111111111111111111111111111111111111111011110111101111110111011101111011110111110111110111111101110000000000
00000000000011111101111110111110111101111011110111011011011111011110111111111110111111110111111111111111111111110111111110111111111110111101111101101101110111101111011110111110111111011111100000000000
00000000000011011111101111110111101111011110111011101101101101111011111111111111111111111111111111111111111111111111111111111111111111101111011011011011101110111101111011110111111011111101100000000000
00000000000001111101111101111101111011110111011101110110110111101111010101011111111111111111101111111111111011111111111111111101010101111011110110110111011101110111101111011111011111011111000000000000
00000000000001011111101111101111011110111101110110111011011110111101111111110111101101111111111111111111111111111111011011110111111111011110111101101110110111011110111101111011111011111101000000000000
00000000000000111101111101111011110111101110111011011111111011110111111111111111111111111111111111111111111111111111111111111111111111110111101111111101101110111011110111101111011111011110000000000000
00000000000000011111101111011110111101110111011101101101101111011111101011111101111111111111111111111111111111111111111111011111101011111101111011011011011101110111011110111101111011111100000000000000
00000000000000011011111011110111101111011101101110110110111101111010111110111111111111111111111111111111111111111111111111111110111110101111011110110110111011011101111011110111101111101100000000000000
00000000000000001111011110111101111011101110110111011011110111101111111111101111111111111111111111111111111111111111111111111011111111111011110111101101110110111011101111011110111101111000000000000000
00000000000000001011110111101111011101110111011011111111011110111111111111111111011111111111111111111111111111111111111101111111111111111110111101111111101101110111011101111011110111101000000000000000
00000000000000000110111101111011110111011101101101101101111011110101010111111111111111101111111111111111111111111011111111111111110101010111101111011011011011011101110111101111011110110000000000000000
00000000000000000011101111011110111011101110110110110111101111011111111101111011111011111111111111111111111111111111101111101111011111111101111011110110110110111011101110111101111011100000000000000000
00000000000000000001111011110111101101110111011011011110111101111111111111111111111111111111111111111111111111111111111111111111111111111111011110111101101101110111011011110111101111000000000000000000
00000000000000000001011110111101110111011011111111111011110111111111111111011111111111111111111111111111111111111111111111111101111111111111110111101111111111101101110111011110111101000000000000000000
00000000000000000000110111101110111011101101101101101111011110101010101111111111111111111111111111111111111111111111111111111111111010101010111101111011011011011011101110111011110110000000000000000000
00000000000000000000011101111011101101110110110110111101111011111111111011111110111111111111111111111111111111111111111110111111101111111111101111011110110110110111011011101111011100000000000000000000
00000000000000000000001111011101110110111011011011110111101111111111111111110111111111111111111111111111111111111111111111110111111111111111111011110111101101101110110111011101111000000000000000000000
00000000000000000000001011101110111011011111111111011110111111110111111111111111111111111111111111111111111111111111111111111111111111110111111110111101111111111101101110111011101000000000000000000000
00000000000000000000000110111011011101101101101101111011110101011101111110111111110111111111011111111111111101111111110111111110111111011101010111101111011011011011011101101110110000000000000000000000
00000000000000000000000011011101110110110110110111101111011111111111011111111111111111011111111111111111111111111101111111111111111101111111111101111011110110110110110111011101100000000000000000000000
00000000000000000000000001101110111011011011011110111101111111111111110111111111111111111111111111111111111111111111111111111111110111111111111111011110111101101101101110111011000000000000000000000000
00000000000000000000000000111011011111101101111011110111111010101111111111101101111111111111111111111111111111111111111111011011111111111010101111110111101111011011111101101110000000000000000000000000
00000000000000000000000000011101101101111111101111011110101111111011111111111111111111111111111111111111111111111111111111111111111111101111111010111101111011111111011011011100000000000000000000000000
00000000000000000000000000001110110110110110111101111011111111111110111101111111111111111111111111111111111111111111111111111111011110111111111111101111011110110110110110111000000000000000000000000000
00000000000000000000000000000111011011011011110111101111111111111111111111111111111111111111111111111111111111111111111111111111111111111111111111111011110111101101101101110000000000000000000000000000
00000000000000000000000000000011101101101111011110111111010101011111101111111111101111111111111111111111111111111111111011111111111011111101010101111110111101111011011011100000000000000000000000000000
00000000000000000000000000000001111111111101111011110101111111110111111111111111111111111111111111111111111111111111111111111111111111110111111111010111101111011111111111000000000000000000000000000000
00000000000000000000000000000000110110110111101111011111111111111101111111011111111111111111111111111111111111111111111111111101111111011111111111111101111011110110110110000000000000000000000000000000
00000000000000000000000000000000011011011110111101111111111111111111111011111011111110111111111111111111111111111110111111101111101111111111111111111111011110111101101100000000000000000000000000000000
00000000000000000000000000000000001101111011110111111010101010111111111111111111111111111111111111111111111111111111111111111111111111111110101010101111110111101111011000000000000000000000000000000000
00000000000000000000000000000000000111101111011110101111111111101111011111111111111111111111111111111111111111111111111111111111111101111011111111111010111101111011110000000000000000000000000000000000
00000000000000000000000000000000000010111101111011111111111111111111111111111111111111111111111111111111111111111111111111111111111111111111111111111111101111011110100000000000000000000000000000000000
00000000000000000000000000000000000001110111101111111101011111111011111111111111111111111111111111111111111111111111111111111111111111101111111101011111111011110111000000000000000000000000000000000000
00000000000000000000000000000000000000011110111101010111110101111111110110111111011111111111111111111111111111111111111101111110110111111111010111110101011110111100000000000000000000000000000000000000
00000000000000000000000000000000000000001011110111111111111111111111111111111111111111111111111111111111111111111111111111111111111111111111111111111111110111101000000000000000000000000000000000000000
00000000000000000000000000000000000000000111011111111111111111011110111111110111111111111110111111111111111110111111111111110111111110111101111111111111111101110000000000000000000000000000000000000000
00000000000000000000000000000000000000000001111110101010111111111111111111111111111111111111111111111111111111111111111111111111111111111111111110101010111111000000000000000000000000000000000000000000
00000000000000000000000000000000000000000000101011111111101111110111111111111111111111111111111111111111111111111111111111111111111111110111111011111111101010000000000000000000000000000000000000000000
00000000000000000000000000000000000000000000011111111111111011111111111111111111111111111111111111111111111111111111111111111111111111111111101111111111111100000000000000000000000000000000000000000000
00000000000000000000000000000000000000000000000111111111111110111111101101111111111101111111111111111111111111111111011111111111011011111110111111111111110000000000000000000000000000000000000000000000
00000000000000000000000000000000000000000000000001010101111111111101111111111111111111111111111111111111111111111111111111111111111111011111111111010101000000000000000000000000000000000000000000000000
00000000000000000000000000000000000000000000000000111111011111111111111111111110111111111111111111111111111111111111111110111111111111111111111101111110000000000000000000000000000000000000000000000000
00000000000000000000000000000000000000000000000000001111110111101111111111101111111111111111111111111111111111111111111111111011111111111011110111111000000000000000000000000000000000000000000000000000
00000000000000000000000000000000000000000000000000000011111111111111111111111111111111111111111111111111111111111111111111111111111111111111111111100000000000000000000000000000000000000000000000000000
00000000000000000000000000000000000000000000000000000000111101111111011111111111111111111111111111111111111111111111111111111111111101111111011110000000000000000000000000000000000000000000000000000000
00000000000000000000000000000000000000000000000000000000001111111011111011111111111111111111111111111111111111111111111111111111101111101111111000000000000000000000000000000000000000000000000000000000
00000000000000000000000000000000000000000000000000000000000011111111111111111111111111111111111111111111111111111111111111111111111111111111100000000000000000000000000000000000000000000000000000000000
00000000000000000000000000000000000000000000000000000000000000011111111111111111111111111111111111111111111111111111111111111111111111111100000000000000000000000000000000000000000000000000000000000000
00000000000000000000000000000000000000000000000000000000000000000111111111111111111111111111111111111111111111111111111111111111111111110000000000000000000000000000000000000000000000000000000000000000
00000000000000000000000000000000000000000000000000000000000000000000111111011111111111111111111111111111111111111111111111111101111110000000000000000000000000000000000000000000000000000000000000000000
00000000000000000000000000000000000000000000000000000000000000000000000111111101111011111111111111111111111111111111101111011111110000000000000000000000000000000000000000000000000000000000000000000000
00000000000000000000000000000000000000000000000000000000000000000000000000111111111111111111111111111111111111111111111111111110000000000000000000000000000000000000000000000000000000000000000000000000
00000000000000000000000000000000000000000000000000000000000000000000000000000011111111111111111111111111111111111111111111100000000000000000000000000000000000000000000000000000000000000000000000000000
00000000000000000000000000000000000000000000000000000000000000000000000000000000000111111111111111111111111111111111110000000000000000000000000000000000000000000000000000000000000000000000000000000000
00000000000000000000000000000000000000000000000000000000000000000000000000000000000000000001111111111111111111000000000000000000000000000000000000000000000000000000000000000000000000000000000000000000
